[1] "------------Step 1"
[1] "Running in group mode"
[1] "expon_lambda root  0.000584893990807325"
[1] "staring with p = " "0.2"              
[1] "precision_p  2.40892055414221e-07"
          p_root lambda_weib_root 
    10.187176874      0.002895386 
[1] "Running in group mode"
[1] "expon_lambda root  0.0008532836955274"
[1] "staring with p = " "0.2"              
[1] "precision_p  8.70414851306123e-14"
          p_root lambda_weib_root 
    0.5230694182     0.0002559762 
[1] "Running in group mode"
[1] "expon_lambda root  0.00464823589937708"
[1] "staring with p = " "0.2"              
[1] "precision_p  1.36424205265939e-11"
          p_root lambda_weib_root 
     0.630641043      0.004881555 
[1] "Running in group mode"
[1] "expon_lambda root  0.00154086208078093"
[1] "staring with p = " "0.2"              
[1] "precision_p  2.42891928792233e-10"
          p_root lambda_weib_root 
     0.991735963      0.001528516 
                         [,1]         [,2]         [,3]         [,4]
156.INTNODE1247  1.037112e-20 7.999440e-04 0.9914611773 7.738879e-03
240.INTNODE1247  4.261352e-17 1.455568e-03 0.9716065000 2.693793e-02
277.INTNODE1249  1.307630e-32 1.107843e-05 0.9997338442 2.550774e-04
467.INTNODE1354  2.819156e-43 5.611157e-07 0.9999669430 3.249592e-05
7.INTNODE1628    3.155760e-59 1.058794e-07 0.9999995600 3.340785e-07
202.INTNODE1911  2.373968e-46 1.019233e-05 0.9999734631 1.634457e-05
203.INTNODE2046  1.751949e-32 1.304411e-04 0.9997155855 1.539733e-04
202.INTNODE2079  3.160450e-27 2.260843e-03 0.9920098256 5.729331e-03
202.INTNODE2080  3.767645e-48 1.549864e-05 0.9999678002 1.670119e-05
206.INTNODE2084  9.429154e-25 2.360413e-01 0.1662873993 5.976713e-01
52.INTNODE2226   2.434422e-31 8.330578e-02 0.0123771819 9.043170e-01
162.INTNODE2226  4.690674e-45 3.413642e-02 0.5122460864 4.536175e-01
157.INTNODE2228  6.982496e-38 4.767754e-03 0.7370512851 2.581810e-01
290.INTNODE2230  1.657244e-26 2.993139e-02 0.2496262937 7.204423e-01
205.INTNODE2233  4.831870e-61 1.648150e-08 0.9998889937 1.109898e-04
467.INTNODE2283  3.962050e-20 2.564193e-03 0.9724651334 2.497067e-02
99.INTNODE2298   2.108550e-29 2.041870e-03 0.5699857195 4.279724e-01
111.INTNODE2298  5.780176e-22 2.080095e-02 0.0966368089 8.825622e-01
489.INTNODE2301  2.347499e-26 5.888141e-03 0.0204544527 9.736574e-01
3.INTNODE2304   5.522197e-107 9.480000e-18 0.9999999936 6.437120e-09
182.INTNODE2305  5.582764e-29 1.139460e-02 0.0347724536 9.538329e-01
169.INTNODE2394 1.756942e-126 6.135665e-27 0.9999999999 1.471817e-10
199.INTNODE2394  4.079447e-13 5.663955e-02 0.0266296832 9.167308e-01
361.INTNODE2395  2.447786e-11 1.520478e-01 0.0002179189 8.477343e-01
86.INTNODE2399   1.750608e-10 1.359790e-01 0.0005894287 8.634316e-01
289.INTNODE2399  3.429991e-60 1.130925e-09 0.9992801122 7.198867e-04
326.INTNODE2400  7.630385e-48 4.501072e-08 0.9877285040 1.227145e-02
88.INTNODE2401   2.754145e-17 2.229404e-03 0.0090362114 9.887344e-01
97.INTNODE2401   2.298250e-19 3.365132e-03 0.0201339726 9.765009e-01
287.INTNODE2401  7.649710e-14 3.215841e-01 0.0037563883 6.746595e-01
289.INTNODE2401  3.998067e-24 4.825320e-04 0.9969410386 2.576429e-03
16.INTNODE2402   7.676390e-07 1.856738e-01 0.0010742336 8.132512e-01
74.INTNODE2402   1.392413e-17 4.682228e-03 0.0331923831 9.621254e-01
91.INTNODE2404   6.085727e-20 4.488636e-04 0.0879924240 9.115587e-01
155.INTNODE2404  2.482281e-11 3.404014e-02 0.0094470772 9.565128e-01
223.INTNODE2404  6.595312e-06 1.898202e-01 0.0016584290 8.085148e-01
173.INTNODE2405  1.421798e-20 1.850418e-01 0.1545524852 6.604057e-01
12.INTNODE2406   8.895815e-13 2.549258e-03 0.0092431801 9.882076e-01
13.INTNODE2406   1.158569e-05 1.926510e-01 0.0013307603 8.060066e-01
71.INTNODE2406   1.371121e-09 2.744648e-02 0.0041802307 9.683733e-01
142.INTNODE2406  6.260259e-87 4.506830e-24 0.9999985774 1.422634e-06
202.INTNODE2406  2.779417e-53 6.280474e-09 0.9999169599 8.303379e-05
205.INTNODE2406  6.399967e-38 2.730328e-10 0.9778885718 2.211143e-02
206.INTNODE2406  9.455233e-32 3.825385e-08 0.8035971849 1.964028e-01
209.INTNODE2406  1.450943e-11 3.058141e-02 0.0111576897 9.582609e-01
210.INTNODE2406  8.503702e-15 3.139984e-03 0.0235984993 9.732615e-01
418.INTNODE2406  4.033159e-29 7.588277e-05 0.5689647498 4.309594e-01
293.INTNODE2415  2.187277e-14 2.748824e-04 0.0652551641 9.344700e-01
138.INTNODE2416  9.350205e-25 6.020917e-05 0.6402873721 3.596524e-01
240.INTNODE2421  9.050039e-19 2.535715e-01 0.2312557576 5.151727e-01
238.INTNODE2422 1.255951e-191 1.856801e-46 1.0000000000 2.733350e-19
269.INTNODE2423  4.701391e-08 1.842109e-02 0.0321642444 9.494146e-01
311.INTNODE2423  5.392607e-06 3.453614e-02 0.0070970339 9.583614e-01
73.INTNODE2425   2.807263e-19 2.374672e-01 0.3903043942 3.722284e-01
151.INTNODE2425  5.846187e-43 1.060054e-05 0.9982905351 1.698864e-03
207.INTNODE2425  5.171807e-08 1.516347e-02 0.2136769397 7.711595e-01
145.INTNODE2426  7.294908e-18 6.733476e-04 0.3883754252 6.109512e-01
178.INTNODE2426  1.011327e-18 1.349005e-07 0.1992319829 8.007679e-01
88.INTNODE2428   4.230019e-21 4.225366e-04 0.9613128157 3.826465e-02
111.INTNODE2428  3.970741e-21 1.252430e-07 0.6970717398 3.029281e-01
155.INTNODE2428  4.226361e-11 6.742345e-03 0.7025140601 2.907436e-01
470.INTNODE2428  2.241399e-05 4.143921e-02 0.0204972027 9.380412e-01
4.INTNODE2429    4.530774e-07 6.960938e-01 0.0229151163 2.809906e-01
13.INTNODE2429   2.269834e-19 3.695199e-04 0.9405832058 5.904727e-02
90.INTNODE2429   1.271583e-15 1.177941e-02 0.5368438190 4.513768e-01
113.INTNODE2429  1.704985e-17 1.058031e-08 0.1878802380 8.121198e-01
145.INTNODE2429  2.404616e-15 2.644581e-03 0.9350985122 6.225691e-02
171.INTNODE2429  4.451144e-31 2.683991e-05 0.9830335971 1.693956e-02
179.INTNODE2429  3.132496e-21 3.356538e-05 0.7715225833 2.284439e-01
184.INTNODE2429  2.854896e-23 8.426226e-04 0.8818426175 1.173148e-01
186.INTNODE2429  2.432111e-13 2.023417e-06 0.1069010552 8.930969e-01
202.INTNODE2429  4.283529e-23 1.633021e-05 0.9729763730 2.700730e-02
205.INTNODE2429  3.829858e-19 2.325826e-04 0.9554087167 4.435870e-02
289.INTNODE2429  1.831108e-07 1.183264e-02 0.2626541580 7.255130e-01
415.INTNODE2429  6.367032e-11 1.213896e-02 0.1322016062 8.556594e-01
113.INTNODE2433  5.623830e-22 6.991785e-04 0.9938741269 5.426695e-03
292.INTNODE2433  2.588290e-01 4.415572e-01 0.0105620580 2.890517e-01
78.INTNODE2434   5.706591e-05 1.302424e-01 0.0982302664 7.714703e-01
85.INTNODE2434   5.273387e-03 5.102469e-03 0.0382081449 9.514160e-01
169.INTNODE2434  3.332237e-21 1.231868e-09 0.8057604893 1.942395e-01
176.INTNODE2434  5.427063e-46 3.445125e-26 0.9848850025 1.511500e-02
201.INTNODE2434  7.902922e-11 2.448102e-06 0.1705417735 8.294558e-01
238.INTNODE2434  2.121661e-17 2.374306e-04 0.9354114214 6.435115e-02
488.INTNODE2434  2.409645e-11 4.546166e-05 0.3094121356 6.905424e-01
60.INTNODE2435   6.709570e-09 1.494458e-02 0.4132476644 5.718077e-01
171.INTNODE2435  1.813058e-18 1.811663e-03 0.9740150145 2.417332e-02
202.INTNODE2435  5.006534e-12 5.026453e-03 0.7940392127 2.009343e-01
206.INTNODE2435  2.088830e-13 8.916739e-04 0.7134045281 2.857038e-01
232.INTNODE2435  3.118654e-07 9.367552e-03 0.3273612289 6.632709e-01
261.INTNODE2435  7.927270e-07 4.571110e-05 0.1332187598 8.667347e-01
[1] 0.002935645 0.043542281 0.499974459 0.453547615
[1] "model lnL"
[1] -2801.256
[1] "------------Step 2"
[1] "Running in group mode"
[1] "expon_lambda root  0.000951303038619197"
[1] "staring with p = " "0.2"              
[1] "precision_p  6.16759199267847e-10"
          p_root lambda_weib_root 
    20.121205902      0.003385751 
[1] "Running in group mode"
[1] "expon_lambda root  0.00117780328056666"
[1] "staring with p = " "0.2"              
[1] "precision_p  4.33610322758682e-07"
          p_root lambda_weib_root 
    0.4840591826     0.0003713692 
[1] "Running in group mode"
[1] "expon_lambda root  0.0055890744391005"
[1] "staring with p = " "0.2"              
[1] "precision_p  8.10871370049426e-11"
          p_root lambda_weib_root 
     0.685185758      0.006154966 
[1] "Running in group mode"
[1] "expon_lambda root  0.00152988435744309"
[1] "staring with p = " "0.2"              
[1] "precision_p  7.105427357601e-13"
          p_root lambda_weib_root 
     0.829083288      0.001264028 
                         [,1]         [,2]         [,3]         [,4]
156.INTNODE1247  5.776751e-26 6.957248e-03 0.9376755362 5.536722e-02
240.INTNODE1247  2.129580e-21 6.748050e-03 0.9029778806 9.027407e-02
277.INTNODE1249  8.910707e-40 1.586931e-03 0.9897763196 8.636750e-03
467.INTNODE1354  3.126323e-52 8.055735e-04 0.9958183645 3.376062e-03
7.INTNODE1628    9.820830e-73 1.265376e-03 0.9981201770 6.144472e-04
202.INTNODE1911  9.260710e-58 5.415580e-03 0.9899090834 4.675337e-03
203.INTNODE2046  6.792122e-41 7.871591e-03 0.9802451894 1.188322e-02
202.INTNODE2079  8.491761e-35 2.157621e-02 0.9001938667 7.822992e-02
202.INTNODE2080  3.731128e-60 9.539572e-03 0.9841244921 6.335936e-03
206.INTNODE2084  6.065764e-33 1.112806e-01 0.1115764529 7.771430e-01
52.INTNODE2226   1.677281e-40 8.088183e-02 0.0109845577 9.081336e-01
162.INTNODE2226  7.903656e-58 1.650351e-01 0.0834585213 7.515064e-01
157.INTNODE2228  1.903871e-47 9.025519e-02 0.2231058533 6.866390e-01
290.INTNODE2230  1.079962e-33 8.484552e-02 0.0966453863 8.185091e-01
205.INTNODE2233  5.436983e-72 1.414247e-03 0.9838040066 1.478175e-02
467.INTNODE2283  1.707830e-25 1.298030e-02 0.8704035931 1.166161e-01
99.INTNODE2298   7.496695e-36 4.582545e-02 0.2442136099 7.099609e-01
111.INTNODE2298  2.091116e-27 6.756694e-02 0.0554978296 8.769352e-01
489.INTNODE2301  6.847573e-32 6.142318e-02 0.0118959851 9.266808e-01
3.INTNODE2304   1.514189e-121 5.527121e-07 0.9999683902 3.105706e-05
182.INTNODE2305  1.267430e-35 9.515935e-02 0.0117597658 8.930809e-01
169.INTNODE2394 4.497569e-137 4.883535e-12 0.9999998718 1.281684e-07
199.INTNODE2394  1.077066e-16 5.322553e-02 0.0402878055 9.064867e-01
361.INTNODE2395  3.852412e-14 1.039634e-01 0.0005102112 8.955264e-01
86.INTNODE2399   5.031371e-13 1.010636e-01 0.0011387313 8.977977e-01
289.INTNODE2399  3.336176e-68 9.799657e-04 0.9574480825 4.157195e-02
326.INTNODE2400  1.049554e-53 2.601587e-03 0.8378769965 1.595214e-01
88.INTNODE2401   2.278590e-19 3.340238e-02 0.0111975853 9.554000e-01
97.INTNODE2401   2.599937e-22 4.583684e-02 0.0154099022 9.387533e-01
287.INTNODE2401  7.961212e-18 2.162920e-01 0.0022598706 7.814481e-01
289.INTNODE2401  2.612219e-30 7.127903e-03 0.9570115805 3.586052e-02
16.INTNODE2402   3.061372e-08 1.249671e-01 0.0014114058 8.736214e-01
74.INTNODE2402   4.781127e-20 5.472215e-02 0.0182727520 9.270051e-01
91.INTNODE2404   1.004397e-21 2.553582e-02 0.0513735189 9.230907e-01
155.INTNODE2404  4.725007e-13 8.590614e-02 0.0065615875 9.075323e-01
223.INTNODE2404  4.996392e-07 1.253383e-01 0.0019385561 8.727227e-01
173.INTNODE2405  4.552250e-26 3.051864e-01 0.0142418456 6.805717e-01
12.INTNODE2406   2.128208e-13 3.098406e-02 0.0112396802 9.577763e-01
13.INTNODE2406   1.038386e-06 1.189349e-01 0.0017200201 8.793440e-01
71.INTNODE2406   1.249905e-10 6.762929e-02 0.0043738190 9.279969e-01
142.INTNODE2406  2.131017e-87 1.133099e-11 0.9999929524 7.047636e-06
202.INTNODE2406  1.885811e-61 5.547743e-04 0.9910834970 8.361729e-03
205.INTNODE2406  2.899645e-39 1.321690e-05 0.9775940544 2.239273e-02
206.INTNODE2406  8.544882e-33 3.115863e-04 0.8026079520 1.970805e-01
209.INTNODE2406  2.254183e-13 7.640455e-02 0.0084578383 9.151376e-01
210.INTNODE2406  3.195889e-16 3.740995e-02 0.0196565424 9.429335e-01
418.INTNODE2406  1.244658e-32 2.590251e-02 0.1869219828 7.871755e-01
293.INTNODE2415  3.027620e-14 1.333311e-02 0.0627965065 9.238704e-01
138.INTNODE2416  8.902700e-27 1.939778e-02 0.2356230377 7.449792e-01
240.INTNODE2421  8.265851e-24 3.345768e-01 0.0171839454 6.482393e-01
238.INTNODE2422 4.524354e-202 2.636544e-21 1.0000000000 2.776644e-14
269.INTNODE2423  1.080957e-08 4.630527e-02 0.0276023348 9.260924e-01
311.INTNODE2423  5.509498e-06 6.395120e-02 0.0058576749 9.301856e-01
73.INTNODE2425   1.834206e-24 3.781137e-01 0.0241821349 5.977042e-01
151.INTNODE2425  8.457887e-50 1.055291e-01 0.6319437756 2.625271e-01
207.INTNODE2425  9.608105e-10 1.937707e-02 0.3244016913 6.562212e-01
145.INTNODE2426  3.286845e-19 3.092160e-02 0.1247120882 8.443663e-01
178.INTNODE2426  1.565091e-15 5.704145e-04 0.3568602395 6.425693e-01
88.INTNODE2428   2.236988e-25 8.016991e-03 0.8519427181 1.400403e-01
111.INTNODE2428  4.419821e-20 1.537299e-04 0.8477886680 1.520576e-01
155.INTNODE2428  7.985871e-14 1.140568e-02 0.6827145417 3.058798e-01
470.INTNODE2428  2.510785e-05 6.956269e-02 0.0115175587 9.188946e-01
4.INTNODE2429    2.942208e-09 3.251359e-01 0.0058512624 6.690128e-01
13.INTNODE2429   3.678166e-23 5.127397e-03 0.8586714557 1.362011e-01
90.INTNODE2429   5.035267e-18 9.925666e-02 0.0883521991 8.123911e-01
113.INTNODE2429  1.389495e-12 1.461249e-04 0.4610334064 5.388205e-01
145.INTNODE2429  3.142448e-19 8.555864e-03 0.8507196738 1.407245e-01
171.INTNODE2429  1.020158e-34 4.912646e-02 0.4908293273 4.600442e-01
179.INTNODE2429  3.889450e-22 1.128631e-02 0.3679808970 6.207328e-01
184.INTNODE2429  2.121160e-26 8.619829e-02 0.2074459437 7.063558e-01
186.INTNODE2429  4.901082e-10 1.537552e-03 0.1747748577 8.236876e-01
202.INTNODE2429  1.444391e-26 1.050665e-03 0.9387373054 6.021203e-02
205.INTNODE2429  8.355926e-23 3.346853e-03 0.8963514077 1.003017e-01
289.INTNODE2429  5.590850e-09 1.589685e-02 0.3939555176 5.901476e-01
415.INTNODE2429  8.765282e-12 6.426045e-02 0.0314191687 9.043204e-01
113.INTNODE2433  1.372510e-27 7.237370e-03 0.9439027026 4.885993e-02
292.INTNODE2433  5.072198e-02 1.917200e-01 0.0052006982 7.523573e-01
78.INTNODE2434   3.538728e-06 1.111477e-01 0.0190688295 8.697799e-01
85.INTNODE2434   9.392560e-02 2.160239e-02 0.0218566587 8.626153e-01
169.INTNODE2434  8.867887e-19 3.249606e-06 0.9752321012 2.476465e-02
176.INTNODE2434  1.308658e-31 6.815179e-15 0.9999739625 2.603752e-05
201.INTNODE2434  1.300469e-07 1.310136e-03 0.2224240201 7.762657e-01
238.INTNODE2434  1.484844e-20 2.677832e-03 0.8915328483 1.057893e-01
488.INTNODE2434  5.677046e-10 5.321979e-03 0.1891681552 8.055099e-01
60.INTNODE2435   5.597759e-11 1.991894e-02 0.4465354793 5.335456e-01
171.INTNODE2435  3.274767e-23 9.539930e-03 0.8894870390 1.009730e-01
202.INTNODE2435  5.145414e-15 9.484726e-03 0.7503936660 2.401216e-01
206.INTNODE2435  1.752999e-15 5.800181e-03 0.7089137505 2.852861e-01
232.INTNODE2435  1.121407e-08 1.227525e-02 0.4784849833 5.092398e-01
261.INTNODE2435  2.086223e-06 3.659086e-03 0.1117973080 8.845415e-01
[1] 0.001607617 0.052184085 0.432532945 0.513675353
[1] "model lnL"
[1] -2788.121
[1] "------------Step 3"
[1] "Running in group mode"
[1] "expon_lambda root  0.00110553996054372"
[1] "staring with p = " "0.2"              
[1] "precision_p  5.10162228017919e-08"
          p_root lambda_weib_root 
    23.417198149      0.003457435 
[1] "Running in group mode"
[1] "expon_lambda root  0.00134424941375066"
[1] "staring with p = " "0.2"              
[1] "precision_p  8.88178419700125e-14"
          p_root lambda_weib_root 
    0.4894642767     0.0005121673 
[1] "Running in group mode"
[1] "expon_lambda root  0.00678709576536627"
[1] "staring with p = " "0.2"              
[1] "precision_p  1.14624754132819e-10"
          p_root lambda_weib_root 
     0.756536858      0.007433842 
[1] "Running in group mode"
[1] "expon_lambda root  0.00158420227455697"
[1] "staring with p = " "0.2"              
[1] "precision_p  3.74313913198421e-11"
          p_root lambda_weib_root 
     0.777524404      0.001235441 
                         [,1]         [,2]         [,3]         [,4]
156.INTNODE1247  2.634586e-49 1.368078e-02 8.904824e-01 9.583679e-02
240.INTNODE1247  4.587211e-40 1.207160e-02 8.631796e-01 1.247488e-01
277.INTNODE1249  6.699141e-77 4.111426e-03 9.760715e-01 1.981711e-02
467.INTNODE1354 3.535379e-102 2.709668e-03 9.870955e-01 1.019486e-02
7.INTNODE1628   6.492498e-144 5.706450e-03 9.895539e-01 4.739671e-03
202.INTNODE1911 5.529348e-114 1.691596e-02 9.584558e-01 2.462822e-02
203.INTNODE2046  1.550906e-79 2.117586e-02 9.355866e-01 4.323757e-02
202.INTNODE2079  6.874231e-68 3.883429e-02 7.824734e-01 1.786923e-01
202.INTNODE2080 3.988540e-119 3.144480e-02 9.304985e-01 3.805665e-02
206.INTNODE2084  1.356559e-65 8.100600e-02 5.394207e-02 8.650519e-01
52.INTNODE2226   1.852516e-81 5.714401e-02 4.388965e-03 9.384670e-01
162.INTNODE2226 2.546401e-117 1.126193e-01 2.242854e-02 8.649522e-01
157.INTNODE2228  1.358548e-95 1.021861e-01 7.118432e-02 8.266296e-01
290.INTNODE2230  2.939154e-67 9.096366e-02 3.264013e-02 8.763962e-01
205.INTNODE2233 1.023696e-143 9.084427e-03 9.299674e-01 6.094814e-02
467.INTNODE2283  9.766970e-49 2.307825e-02 7.889175e-01 1.880043e-01
99.INTNODE2298   1.612333e-71 7.257498e-02 8.933858e-02 8.380864e-01
111.INTNODE2298  2.315087e-54 8.046056e-02 1.704348e-02 9.024960e-01
489.INTNODE2301  5.418548e-64 7.487338e-02 2.238970e-03 9.228876e-01
3.INTNODE2304   9.306035e-243 1.536718e-05 9.997905e-01 1.941644e-04
182.INTNODE2305  7.231166e-72 9.989390e-02 1.712406e-03 8.983937e-01
169.INTNODE2394 1.979647e-271 1.581309e-10 9.999999e-01 9.346675e-08
199.INTNODE2394  4.624872e-32 6.228972e-02 1.802970e-02 9.196806e-01
361.INTNODE2395  1.091875e-27 9.402811e-02 7.385577e-05 9.058980e-01
86.INTNODE2399   2.564446e-25 9.543215e-02 1.736586e-04 9.043942e-01
289.INTNODE2399 1.963162e-136 1.262025e-02 7.946147e-01 1.927651e-01
326.INTNODE2400 2.853591e-107 2.073282e-02 5.323694e-01 4.468977e-01
88.INTNODE2401   4.036444e-38 5.234706e-02 2.178720e-03 9.454742e-01
97.INTNODE2401   2.849888e-44 6.604237e-02 2.603810e-03 9.313538e-01
287.INTNODE2401  1.815811e-35 1.739894e-01 2.134790e-04 8.257972e-01
289.INTNODE2401  4.168686e-58 1.502697e-02 9.096491e-01 7.532389e-02
16.INTNODE2402   1.084558e-15 1.141482e-01 1.464432e-04 8.857053e-01
74.INTNODE2402   9.198089e-40 7.503937e-02 2.418967e-03 9.225417e-01
91.INTNODE2404   5.353321e-43 4.842755e-02 8.656162e-03 9.429163e-01
155.INTNODE2404  1.652508e-25 9.522969e-02 7.264177e-04 9.040439e-01
223.INTNODE2404  3.392019e-13 1.153047e-01 1.962363e-04 8.844991e-01
173.INTNODE2405  1.123830e-52 2.450689e-01 8.292892e-04 7.541019e-01
12.INTNODE2406   6.055455e-26 4.833402e-02 1.829458e-03 9.498365e-01
13.INTNODE2406   1.538342e-12 1.080740e-01 1.791979e-04 8.917468e-01
71.INTNODE2406   1.752757e-20 7.759834e-02 5.293620e-04 9.218723e-01
142.INTNODE2406 1.561156e-170 2.724331e-10 9.999982e-01 1.760270e-06
202.INTNODE2406 1.136671e-121 4.735939e-03 9.574687e-01 3.779533e-02
205.INTNODE2406  8.502484e-76 6.943576e-05 9.849383e-01 1.499226e-02
206.INTNODE2406  8.969326e-64 2.085152e-03 7.502210e-01 2.476939e-01
209.INTNODE2406  4.479753e-26 8.599820e-02 1.087848e-03 9.129139e-01
210.INTNODE2406  9.494777e-32 5.612655e-02 3.185921e-03 9.406875e-01
418.INTNODE2406  1.934624e-65 5.685726e-02 2.946997e-02 9.136728e-01
293.INTNODE2415  2.301266e-27 2.919033e-02 1.427384e-02 9.565358e-01
138.INTNODE2416  2.729916e-53 4.759913e-02 3.883464e-02 9.135662e-01
240.INTNODE2421  4.209388e-48 2.535119e-01 8.501548e-04 7.456380e-01
238.INTNODE2422  0.000000e+00 4.946016e-19 1.000000e+00 7.046243e-15
269.INTNODE2423  4.225256e-16 6.110168e-02 5.204704e-03 9.336936e-01
311.INTNODE2423  6.005841e-11 7.335609e-02 6.330643e-04 9.260108e-01
73.INTNODE2425   1.950699e-49 2.885964e-01 1.101180e-03 7.103025e-01
151.INTNODE2425 8.308412e-101 2.607731e-01 5.946365e-02 6.797633e-01
207.INTNODE2425  4.435411e-17 3.224353e-02 2.642881e-01 7.034684e-01
145.INTNODE2426  7.894115e-38 5.672917e-02 1.726897e-02 9.260019e-01
178.INTNODE2426  5.716282e-29 4.041270e-03 2.201960e-01 7.757627e-01
88.INTNODE2428   1.460947e-48 1.954444e-02 7.488589e-01 2.315966e-01
111.INTNODE2428  2.970159e-37 7.295630e-04 8.740922e-01 1.251782e-01
155.INTNODE2428  5.215179e-25 1.954113e-02 6.373104e-01 3.431485e-01
470.INTNODE2428  1.602152e-09 7.923358e-02 1.189079e-03 9.195773e-01
4.INTNODE2429    7.353022e-18 2.289342e-01 2.793408e-04 7.707864e-01
13.INTNODE2429   7.110944e-44 1.128800e-02 8.073789e-01 1.813331e-01
90.INTNODE2429   1.533962e-35 1.156343e-01 7.076444e-03 8.772892e-01
113.INTNODE2429  2.727784e-22 1.425215e-03 3.791207e-01 6.194541e-01
145.INTNODE2429  8.391504e-36 1.497345e-02 8.031202e-01 1.819063e-01
171.INTNODE2429  1.669699e-69 1.177153e-01 5.191423e-02 8.303705e-01
179.INTNODE2429  4.032513e-43 3.463491e-02 8.360218e-02 8.817629e-01
184.INTNODE2429  9.489429e-53 1.229789e-01 1.556009e-02 8.614610e-01
186.INTNODE2429  7.888266e-18 7.305909e-03 6.999559e-02 9.226985e-01
202.INTNODE2429  2.265842e-50 2.509898e-03 9.328175e-01 6.467257e-02
205.INTNODE2429  6.078730e-43 7.031874e-03 8.706283e-01 1.223399e-01
289.INTNODE2429  2.187611e-15 2.757642e-02 3.440889e-01 6.283346e-01
415.INTNODE2429  1.124324e-22 7.963051e-02 2.657045e-03 9.177124e-01
113.INTNODE2433  1.292948e-52 1.452094e-02 8.950245e-01 9.045457e-02
292.INTNODE2433  1.413312e-02 1.496139e-01 2.998942e-04 8.359530e-01
78.INTNODE2434   3.593958e-11 1.053254e-01 1.324549e-03 8.933501e-01
85.INTNODE2434   1.464316e-01 3.194037e-02 2.701809e-03 8.189262e-01
169.INTNODE2434  2.648642e-33 8.252779e-06 9.944399e-01 5.551857e-03
176.INTNODE2434  1.170137e-54 6.542594e-14 9.999998e-01 2.128499e-07
201.INTNODE2434  1.108009e-12 6.401085e-03 9.065215e-02 9.029468e-01
238.INTNODE2434  2.774229e-38 5.314568e-03 8.814040e-01 1.132814e-01
488.INTNODE2434  5.917067e-18 1.655963e-02 4.636561e-02 9.370748e-01
60.INTNODE2435   1.480169e-19 3.410668e-02 3.501888e-01 6.157046e-01
171.INTNODE2435  6.516032e-44 1.778473e-02 8.258357e-01 1.563796e-01
202.INTNODE2435  2.484602e-27 1.592954e-02 7.157862e-01 2.682843e-01
206.INTNODE2435  2.281018e-28 1.260956e-02 6.634172e-01 3.239732e-01
232.INTNODE2435  1.275397e-14 2.129433e-02 4.540966e-01 5.246091e-01
261.INTNODE2435  6.515634e-25 1.151733e-02 2.829579e-02 9.601869e-01
[1] 0.001784053 0.056854594 0.372560164 0.568801190
[1] "model lnL"
[1] -2780.512
[1] "------------Step 4"
[1] "Running in group mode"
[1] "expon_lambda root  0.00111671857065564"
[1] "staring with p = " "0.2"              
[1] "precision_p  7.82678056809871e-08"
          p_root lambda_weib_root 
    23.634049835      0.003461389 
[1] "Running in group mode"
[1] "expon_lambda root  0.00146108296779696"
[1] "staring with p = " "0.2"              
[1] "precision_p  6.67910171614494e-13"
          p_root lambda_weib_root 
    0.4960415178     0.0006275621 
[1] "Running in group mode"
[1] "expon_lambda root  0.00764485968869458"
[1] "staring with p = " "0.2"              
[1] "precision_p  1.05728759081103e-11"
          p_root lambda_weib_root 
     0.786534327      0.008397067 
[1] "Running in group mode"
[1] "expon_lambda root  0.00165357326391472"
[1] "staring with p = " "0.2"              
[1] "precision_p  3.45984290106571e-07"
          p_root lambda_weib_root 
     0.765808718      0.001283393 
                         [,1]         [,2]         [,3]         [,4]
156.INTNODE1247  5.157060e-57 1.875924e-02 8.520517e-01 1.291891e-01
240.INTNODE1247  3.056049e-46 1.561750e-02 8.349012e-01 1.494813e-01
277.INTNODE1249  3.061584e-89 6.221440e-03 9.642050e-01 2.957357e-02
467.INTNODE1354 8.215132e-119 4.623148e-03 9.780452e-01 1.733162e-02
7.INTNODE1628   1.568088e-167 1.137812e-02 9.761489e-01 1.247301e-02
202.INTNODE1911 1.322382e-132 2.827582e-02 9.183002e-01 5.342393e-02
203.INTNODE2046  2.916792e-92 3.486344e-02 8.800118e-01 8.512477e-02
202.INTNODE2079  7.739989e-79 4.827853e-02 6.979178e-01 2.538036e-01
202.INTNODE2080 1.195127e-138 5.321805e-02 8.595513e-01 8.723066e-02
206.INTNODE2084  2.122312e-76 6.818553e-02 4.088678e-02 8.909277e-01
52.INTNODE2226   4.707884e-95 4.729596e-02 3.042582e-03 9.496615e-01
162.INTNODE2226 3.946594e-137 8.941960e-02 1.261065e-02 8.979697e-01
157.INTNODE2228 1.164863e-111 9.757556e-02 3.229145e-02 8.701330e-01
290.INTNODE2230  1.995507e-78 8.670186e-02 1.380734e-02 8.994908e-01
205.INTNODE2233 1.180142e-167 2.300149e-02 8.404007e-01 1.365978e-01
467.INTNODE2283  2.014002e-56 2.944076e-02 7.319393e-01 2.386200e-01
99.INTNODE2298   1.883477e-83 8.081903e-02 3.290479e-02 8.862762e-01
111.INTNODE2298  2.447128e-63 8.013822e-02 5.407302e-03 9.144545e-01
489.INTNODE2301  1.017753e-74 7.474426e-02 3.932671e-04 9.248625e-01
3.INTNODE2304   2.099705e-283 9.621295e-05 9.992262e-01 6.775723e-04
182.INTNODE2305  5.810556e-84 9.375017e-02 2.517502e-04 9.059981e-01
169.INTNODE2394  0.000000e+00 6.486780e-10 9.999999e-01 7.509540e-08
199.INTNODE2394  3.880891e-37 6.263510e-02 7.831392e-03 9.295335e-01
361.INTNODE2395  3.978415e-32 8.231207e-02 8.144910e-06 9.176798e-01
86.INTNODE2399   2.403447e-29 8.573848e-02 1.969028e-05 9.142418e-01
289.INTNODE2399 3.056130e-159 5.163208e-02 4.066302e-01 5.417377e-01
326.INTNODE2400 2.720997e-125 5.310844e-02 1.738456e-01 7.730459e-01
88.INTNODE2401   2.004953e-44 5.914695e-02 2.696239e-04 9.405834e-01
97.INTNODE2401   1.221521e-51 7.184155e-02 3.003250e-04 9.278581e-01
287.INTNODE2401  2.885143e-41 1.462441e-01 1.579678e-05 8.537401e-01
289.INTNODE2401  2.774832e-67 2.123960e-02 8.681095e-01 1.106509e-01
16.INTNODE2402   4.127257e-18 1.034277e-01 9.370430e-06 8.965629e-01
74.INTNODE2402   2.198321e-46 8.119386e-02 1.998862e-04 9.186063e-01
91.INTNODE2404   3.327625e-50 6.047408e-02 7.957915e-04 9.387301e-01
155.INTNODE2404  1.176986e-29 9.475920e-02 4.854841e-05 9.051922e-01
223.INTNODE2404  3.424363e-15 1.056395e-01 1.184019e-05 8.943487e-01
173.INTNODE2405  1.649777e-61 2.103362e-01 3.716332e-05 7.896267e-01
12.INTNODE2406   3.466303e-30 5.624189e-02 1.583696e-04 9.435997e-01
13.INTNODE2406   2.017339e-14 9.897843e-02 1.114133e-05 9.010104e-01
71.INTNODE2406   9.155073e-24 7.889271e-02 3.669124e-05 9.210706e-01
142.INTNODE2406 4.295631e-199 1.734550e-09 9.999985e-01 1.472381e-06
202.INTNODE2406 1.225359e-141 1.994828e-02 8.536984e-01 1.263533e-01
205.INTNODE2406  3.254777e-88 1.989264e-04 9.820574e-01 1.774371e-02
206.INTNODE2406  3.586377e-74 7.777144e-03 5.375521e-01 4.546708e-01
209.INTNODE2406  2.631806e-30 8.650839e-02 8.741868e-05 9.134042e-01
210.INTNODE2406  5.536628e-37 6.402161e-02 2.974149e-04 9.356810e-01
418.INTNODE2406  1.519696e-76 7.314872e-02 2.561249e-03 9.242900e-01
293.INTNODE2415  7.201023e-32 4.031224e-02 1.510210e-03 9.581776e-01
138.INTNODE2416  2.577911e-62 6.523782e-02 2.902762e-03 9.318594e-01
240.INTNODE2421  3.585744e-56 2.167193e-01 2.961312e-05 7.832511e-01
238.INTNODE2422  0.000000e+00 4.639152e-18 1.000000e+00 3.347468e-15
269.INTNODE2423  1.364983e-18 6.738614e-02 5.683541e-04 9.320455e-01
311.INTNODE2423  1.301319e-12 7.674572e-02 3.466972e-05 9.232196e-01
73.INTNODE2425   9.776950e-58 2.466765e-01 3.479266e-05 7.532887e-01
151.INTNODE2425 4.853979e-118 2.691957e-01 2.152088e-03 7.286522e-01
207.INTNODE2425  1.746620e-19 4.124921e-02 1.865429e-01 7.722079e-01
145.INTNODE2426  3.582439e-44 7.122816e-02 1.154285e-03 9.276176e-01
178.INTNODE2426  1.026263e-33 1.097143e-02 4.330911e-02 9.457195e-01
88.INTNODE2428   3.206696e-56 3.308184e-02 6.223242e-01 3.445940e-01
111.INTNODE2428  4.932582e-43 2.453272e-03 8.018636e-01 1.956832e-01
155.INTNODE2428  1.090596e-28 2.588942e-02 5.815584e-01 3.925521e-01
470.INTNODE2428  6.069035e-11 8.357678e-02 6.096685e-05 9.163622e-01
4.INTNODE2429    1.110438e-20 1.942350e-01 7.474556e-06 8.057575e-01
13.INTNODE2429   9.531859e-51 1.744770e-02 7.485596e-01 2.339927e-01
90.INTNODE2429   1.848019e-41 1.214949e-01 3.107206e-04 8.781944e-01
113.INTNODE2429  8.627281e-26 5.548843e-03 9.942095e-02 8.950302e-01
145.INTNODE2429  2.800618e-41 1.945789e-02 7.656416e-01 2.149005e-01
171.INTNODE2429  2.461269e-81 1.402398e-01 2.030362e-03 8.577299e-01
179.INTNODE2429  2.470811e-50 5.302293e-02 7.119836e-03 9.398572e-01
184.INTNODE2429  1.125010e-61 1.344907e-01 5.907100e-04 8.649186e-01
186.INTNODE2429  1.069401e-20 1.517137e-02 8.409510e-03 9.764191e-01
202.INTNODE2429  2.308534e-58 3.863653e-03 9.235233e-01 7.261305e-02
205.INTNODE2429  1.195568e-49 1.026771e-02 8.437364e-01 1.459959e-01
289.INTNODE2429  1.771163e-17 3.666291e-02 2.618234e-01 7.015136e-01
415.INTNODE2429  2.178356e-26 8.799301e-02 1.094656e-04 9.118975e-01
113.INTNODE2433  7.024284e-61 2.001995e-02 8.547443e-01 1.252358e-01
292.INTNODE2433  1.224969e-02 1.355064e-01 8.218001e-06 8.522357e-01
78.INTNODE2434   8.947008e-13 1.062787e-01 4.499174e-05 8.936763e-01
85.INTNODE2434   1.651838e-01 3.969791e-02 1.341572e-04 7.949841e-01
169.INTNODE2434  1.405663e-38 1.248618e-05 9.971095e-01 2.877971e-03
176.INTNODE2434  1.179405e-63 2.700330e-13 1.000000e+00 3.330873e-08
201.INTNODE2434  1.489139e-14 1.393231e-02 1.023972e-02 9.758280e-01
238.INTNODE2434  3.289865e-44 7.393025e-03 8.683326e-01 1.242744e-01
488.INTNODE2434  9.524594e-21 2.809173e-02 3.688328e-03 9.682199e-01
60.INTNODE2435   2.320945e-22 4.544258e-02 2.394320e-01 7.151254e-01
171.INTNODE2435  9.569269e-51 2.392274e-02 7.743295e-01 2.017477e-01
202.INTNODE2435  2.131680e-31 2.049120e-02 6.800796e-01 2.994292e-01
206.INTNODE2435  1.248231e-32 2.042996e-02 5.727310e-01 4.068390e-01
232.INTNODE2435  1.469923e-16 2.869065e-02 3.888228e-01 5.824866e-01
261.INTNODE2435  1.545561e-39 2.038580e-02 2.124934e-03 9.774893e-01
[1] 0.001971483 0.059652936 0.331178200 0.607197381
[1] "model lnL"
[1] -2777.64
[1] "------------Step 5"
[1] "Running in group mode"
[1] "expon_lambda root  0.00111425751406404"
[1] "staring with p = " "0.2"              
[1] "precision_p  7.6979222773943e-08"
          p_root lambda_weib_root 
    23.586476312      0.003460529 
[1] "Running in group mode"
[1] "expon_lambda root  0.00154449391390492"
[1] "staring with p = " "0.2"              
[1] "precision_p  7.42517158869305e-13"
          p_root lambda_weib_root 
    0.4930757832     0.0007026987 
[1] "Running in group mode"
[1] "expon_lambda root  0.00809653297851531"
[1] "staring with p = " "0.2"              
[1] "precision_p  9.09494701772928e-13"
          p_root lambda_weib_root 
     0.789413586      0.009014752 
[1] "Running in group mode"
[1] "expon_lambda root  0.00170214469011114"
[1] "staring with p = " "0.2"              
[1] "precision_p  3.41060513164848e-13"
          p_root lambda_weib_root 
     0.758416538      0.001316174 
                         [,1]         [,2]         [,3]         [,4]
156.INTNODE1247  1.734777e-57 2.246998e-02 8.257800e-01 1.517500e-01
240.INTNODE1247  1.279094e-46 1.842215e-02 8.116853e-01 1.698925e-01
277.INTNODE1249  4.820669e-90 7.640666e-03 9.572905e-01 3.506886e-02
467.INTNODE1354 6.875571e-120 6.099425e-03 9.719081e-01 2.199246e-02
7.INTNODE1628   4.793095e-169 1.544482e-02 9.666956e-01 1.785958e-02
202.INTNODE1911 8.864234e-134 3.623495e-02 8.907436e-01 7.302150e-02
203.INTNODE2046  4.783606e-93 4.356973e-02 8.456632e-01 1.107670e-01
202.INTNODE2079  1.624812e-79 5.543230e-02 6.402831e-01 3.042846e-01
202.INTNODE2080 7.195855e-140 6.867675e-02 8.087495e-01 1.225737e-01
206.INTNODE2084  4.301671e-77 6.203569e-02 2.780016e-02 9.101642e-01
52.INTNODE2226   6.345845e-96 4.126530e-02 1.655132e-03 9.570796e-01
162.INTNODE2226 1.958093e-138 7.844333e-02 6.579454e-03 9.149772e-01
157.INTNODE2228 1.011633e-112 9.345931e-02 1.562263e-02 8.909181e-01
290.INTNODE2230  3.771664e-79 8.246251e-02 6.389623e-03 9.111479e-01
205.INTNODE2233 4.182501e-169 4.202676e-02 7.251699e-01 2.328034e-01
467.INTNODE2283  6.884959e-57 3.456229e-02 6.870040e-01 2.784337e-01
99.INTNODE2298   3.072155e-84 8.248239e-02 1.376029e-02 9.037573e-01
111.INTNODE2298  6.530952e-64 7.751756e-02 2.036623e-03 9.204458e-01
489.INTNODE2301  2.113361e-75 7.194538e-02 9.244900e-05 9.279622e-01
3.INTNODE2304   6.851760e-286 3.428653e-04 9.978885e-01 1.768645e-03
182.INTNODE2305  9.817174e-85 8.833412e-02 5.384387e-05 9.116120e-01
169.INTNODE2394  0.000000e+00 1.928946e-09 9.999999e-01 1.046423e-07
199.INTNODE2394  1.921364e-37 6.057465e-02 3.613605e-03 9.358117e-01
361.INTNODE2395  2.396032e-32 7.396811e-02 1.390229e-06 9.260305e-01
86.INTNODE2399   1.516136e-29 7.850321e-02 3.530114e-06 9.214933e-01
289.INTNODE2399 1.044380e-160 8.689790e-02 1.497407e-01 7.633614e-01
326.INTNODE2400 1.684054e-126 7.172591e-02 5.065129e-02 8.776228e-01
88.INTNODE2401   8.208690e-45 6.043170e-02 4.954082e-05 9.395188e-01
97.INTNODE2401   4.226387e-52 7.256880e-02 5.429645e-05 9.273769e-01
287.INTNODE2401  1.380864e-41 1.323640e-01 2.320140e-06 8.676337e-01
289.INTNODE2401  7.491262e-68 2.547451e-02 8.420980e-01 1.324275e-01
16.INTNODE2402   3.333108e-18 9.662108e-02 1.190459e-06 9.033777e-01
74.INTNODE2402   8.518075e-47 8.267295e-02 2.959200e-05 9.172975e-01
91.INTNODE2404   1.132432e-50 6.561023e-02 1.219962e-04 9.342678e-01
155.INTNODE2404  6.937518e-30 9.307734e-02 6.376392e-06 9.069163e-01
223.INTNODE2404  2.932536e-15 9.963786e-02 1.465178e-06 9.003607e-01
173.INTNODE2405  4.721751e-62 1.970336e-01 4.179857e-06 8.029622e-01
12.INTNODE2406   1.950682e-30 5.879965e-02 2.287035e-05 9.411775e-01
13.INTNODE2406   1.761207e-14 9.322721e-02 1.387611e-06 9.067714e-01
71.INTNODE2406   6.205943e-24 7.788715e-02 4.770131e-06 9.221081e-01
142.INTNODE2406 6.134364e-201 8.020187e-09 9.999972e-01 2.770635e-06
202.INTNODE2406 9.315454e-143 4.689506e-02 6.931487e-01 2.599562e-01
205.INTNODE2406  6.705592e-89 4.835821e-04 9.697937e-01 2.972270e-02
206.INTNODE2406  9.511662e-75 1.587980e-02 2.924126e-01 6.917076e-01
209.INTNODE2406  1.521029e-30 8.527187e-02 1.288857e-05 9.147152e-01
210.INTNODE2406  2.645233e-37 6.659636e-02 4.648183e-05 9.333572e-01
418.INTNODE2406  2.719349e-77 8.078772e-02 3.849035e-04 9.188274e-01
293.INTNODE2415  3.690079e-32 4.567957e-02 2.428468e-04 9.540776e-01
138.INTNODE2416  6.310629e-63 7.434074e-02 3.907946e-04 9.252685e-01
240.INTNODE2421  1.149811e-56 2.044831e-01 2.831770e-06 7.955141e-01
238.INTNODE2422  0.000000e+00 2.222379e-17 1.000000e+00 3.797168e-15
269.INTNODE2423  1.001591e-18 6.943589e-02 1.028529e-04 9.304613e-01
311.INTNODE2423  1.125024e-12 7.745454e-02 3.873119e-06 9.225416e-01
73.INTNODE2425   3.008495e-58 2.336387e-01 3.202599e-06 7.663581e-01
151.INTNODE2425 3.262546e-119 2.760513e-01 2.175661e-04 7.237311e-01
207.INTNODE2425  1.311967e-19 4.623867e-02 1.260950e-01 8.276663e-01
145.INTNODE2426  1.366930e-44 7.870562e-02 1.488267e-04 9.211455e-01
178.INTNODE2426  4.728247e-34 1.586753e-02 8.125596e-03 9.760069e-01
88.INTNODE2428   1.191920e-56 4.522359e-02 5.105464e-01 4.442300e-01
111.INTNODE2428  3.071494e-43 5.833753e-03 6.556313e-01 3.385350e-01
155.INTNODE2428  6.976556e-29 3.130639e-02 5.181881e-01 4.505055e-01
470.INTNODE2428  5.371642e-11 8.537096e-02 6.716722e-06 9.146223e-01
4.INTNODE2429    8.269872e-21 1.828764e-01 5.932018e-07 8.171230e-01
13.INTNODE2429   3.894109e-51 2.348680e-02 6.844671e-01 2.920461e-01
90.INTNODE2429   7.735104e-42 1.261073e-01 3.296181e-05 8.738597e-01
113.INTNODE2429  4.874878e-26 9.161708e-03 1.948732e-02 9.713510e-01
145.INTNODE2429  1.331967e-41 2.324910e-02 7.300586e-01 2.466923e-01
171.INTNODE2429  3.825122e-82 1.532019e-01 1.978224e-04 8.466003e-01
179.INTNODE2429  7.881987e-51 6.281496e-02 1.011379e-03 9.361737e-01
184.INTNODE2429  2.859980e-62 1.426447e-01 5.711879e-05 8.572982e-01
186.INTNODE2429  6.685237e-21 2.025103e-02 1.252986e-03 9.784960e-01
202.INTNODE2429  7.548210e-59 5.379974e-03 9.062447e-01 8.837537e-02
205.INTNODE2429  4.824166e-50 1.347812e-02 8.106267e-01 1.758952e-01
289.INTNODE2429  1.415418e-17 4.244296e-02 1.894221e-01 7.681349e-01
415.INTNODE2429  1.307977e-26 9.269822e-02 1.044243e-05 9.072913e-01
113.INTNODE2433  2.173023e-61 2.394152e-02 8.281289e-01 1.479295e-01
292.INTNODE2433  1.390520e-02 1.310803e-01 6.330291e-07 8.550138e-01
78.INTNODE2434   7.675425e-13 1.083068e-01 3.909227e-06 8.916893e-01
85.INTNODE2434   1.760126e-01 4.361216e-02 1.340407e-05 7.803618e-01
169.INTNODE2434  5.777853e-39 2.028758e-05 9.969643e-01 3.015449e-03
176.INTNODE2434  2.285426e-64 1.267915e-12 1.000000e+00 3.926425e-08
201.INTNODE2434  1.084307e-14 1.897819e-02 1.442359e-03 9.795795e-01
238.INTNODE2434  1.454649e-44 9.502136e-03 8.457609e-01 1.447369e-01
488.INTNODE2434  6.131310e-21 3.506970e-02 4.641152e-04 9.644662e-01
60.INTNODE2435   1.659377e-22 5.225905e-02 1.619657e-01 7.857752e-01
171.INTNODE2435  3.744911e-51 2.881391e-02 7.337280e-01 2.374581e-01
202.INTNODE2435  1.266855e-31 2.456069e-02 6.348550e-01 3.405843e-01
206.INTNODE2435  7.670444e-33 2.784607e-02 4.704296e-01 5.017244e-01
232.INTNODE2435  1.221349e-16 3.429023e-02 3.132215e-01 6.524883e-01
261.INTNODE2435  9.706615e-41 2.599475e-02 2.462403e-04 9.737590e-01
[1] 0.002110198 0.062261754 0.303942853 0.631685195
[1] "model lnL"
[1] -2776.724
[1] "------------Step 6"
[1] "Running in group mode"
[1] "expon_lambda root  0.00111202823451751"
[1] "staring with p = " "0.2"              
[1] "precision_p  7.59143414796881e-08"
          p_root lambda_weib_root 
    23.543302026      0.003459744 
[1] "Running in group mode"
[1] "expon_lambda root  0.00160717199907135"
[1] "staring with p = " "0.2"              
[1] "precision_p  2.20268248085631e-13"
          p_root lambda_weib_root 
    0.4864134869     0.0007540781 
[1] "Running in group mode"
[1] "expon_lambda root  0.0083154525927463"
[1] "staring with p = " "0.2"              
[1] "precision_p  2.8421709430404e-14"
          p_root lambda_weib_root 
     0.787498322      0.009359541 
[1] "Running in group mode"
[1] "expon_lambda root  0.00172947552190428"
[1] "staring with p = " "0.2"              
[1] "precision_p  1.4210854715202e-13"
          p_root lambda_weib_root 
     0.754008339      0.001333684 
                         [,1]         [,2]         [,3]         [,4]
156.INTNODE1247  2.387288e-57 2.594212e-02 8.060879e-01 1.679700e-01
240.INTNODE1247  1.682572e-46 2.124674e-02 7.913437e-01 1.874096e-01
277.INTNODE1249  7.365999e-90 8.991971e-03 9.523968e-01 3.861125e-02
467.INTNODE1354 1.231327e-119 7.574361e-03 9.671243e-01 2.530132e-02
7.INTNODE1628   1.069380e-168 1.896985e-02 9.600475e-01 2.098262e-02
202.INTNODE1911 1.745579e-133 4.304837e-02 8.714790e-01 8.547264e-02
203.INTNODE2046  7.642249e-93 5.028352e-02 8.257962e-01 1.239203e-01
202.INTNODE2079  2.531953e-79 6.223784e-02 5.953704e-01 3.423917e-01
202.INTNODE2080 1.490620e-139 8.213559e-02 7.719995e-01 1.458649e-01
206.INTNODE2084  6.410385e-77 5.710632e-02 1.852285e-02 9.243708e-01
52.INTNODE2226   1.054676e-95 3.621174e-02 8.690033e-04 9.629193e-01
162.INTNODE2226 3.818962e-138 7.056451e-02 3.480276e-03 9.259552e-01
157.INTNODE2228 1.727137e-112 9.055099e-02 8.583912e-03 9.008651e-01
290.INTNODE2230  5.623051e-79 7.946632e-02 3.520960e-03 9.170127e-01
205.INTNODE2233 1.150665e-168 6.346243e-02 6.112939e-01 3.252437e-01
467.INTNODE2283  9.677813e-57 3.962306e-02 6.490069e-01 3.113700e-01
99.INTNODE2298   4.584534e-84 8.327143e-02 7.363586e-03 9.093650e-01
111.INTNODE2298  9.153722e-64 7.549697e-02 1.028355e-03 9.234747e-01
489.INTNODE2301  3.185740e-75 6.935455e-02 3.529794e-05 9.306101e-01
3.INTNODE2304   3.824387e-285 8.565306e-04 9.957060e-01 3.437419e-03
182.INTNODE2305  1.547059e-84 8.426806e-02 1.971016e-05 9.157122e-01
169.INTNODE2394  0.000000e+00 4.929952e-09 9.999998e-01 1.621396e-07
199.INTNODE2394  2.412931e-37 5.859000e-02 2.049087e-03 9.393609e-01
361.INTNODE2395  3.172062e-32 6.771868e-02 4.591145e-07 9.322809e-01
86.INTNODE2399   1.955385e-29 7.307511e-02 1.230516e-06 9.269237e-01
289.INTNODE2399 2.155433e-160 1.071558e-01 6.957348e-02 8.232707e-01
326.INTNODE2400 2.896471e-126 8.249492e-02 2.214829e-02 8.953568e-01
88.INTNODE2401   1.076446e-44 6.039084e-02 1.773610e-05 9.395914e-01
97.INTNODE2401   5.702166e-52 7.237537e-02 1.945285e-05 9.276052e-01
287.INTNODE2401  1.867397e-41 1.241265e-01 7.690935e-07 8.758727e-01
289.INTNODE2401  1.073682e-67 2.930674e-02 8.240559e-01 1.466373e-01
16.INTNODE2402   4.074772e-18 9.162074e-02 3.737169e-07 9.083789e-01
74.INTNODE2402   1.119301e-46 8.311810e-02 9.980523e-06 9.168719e-01
91.INTNODE2404   1.476935e-50 6.848463e-02 4.207584e-05 9.314733e-01
155.INTNODE2404  8.652015e-30 9.145245e-02 2.068473e-06 9.085455e-01
223.INTNODE2404  3.518502e-15 9.522011e-02 4.629354e-07 9.047794e-01
