[1] "Running in group mode"
[1] "expon_lambda root  0.0014756517461879"
[1] "staring with p = " "0.2"              
[1] "precision_p  3.56420315483774e-09"
          p_root lambda_weib_root 
     1.788804381      0.001946562 
[1] "Running in group mode"
[1] "expon_lambda root  0.00168560040735343"
[1] "staring with p = " "0.2"              
[1] "precision_p  1.5492133798034e-08"
          p_root lambda_weib_root 
     0.810414706      0.001374616 
[1] "Running in group mode"
[1] "expon_lambda root  0.01276731567188"
[1] "staring with p = " "0.2"              
[1] "precision_p  9.46158706938149e-11"
          p_root lambda_weib_root 
      0.50694097       0.04596202 
[1] "Running in group mode"
[1] "expon_lambda root  0.00256572383016516"
[1] "staring with p = " "0.2"              
[1] "precision_p  9.8907548817806e-12"
          p_root lambda_weib_root 
     0.694127226      0.002105737 
[1] "------------Step 1"
[1] "Running in group mode"
[1] "expon_lambda root  0.00106907560083011"
[1] "staring with p = " "0.2"              
[1] "precision_p  1.4495071809506e-10"
          p_root lambda_weib_root 
     1.715366771      0.001913793 
[1] "Running in group mode"
[1] "expon_lambda root  0.00144089537341464"
[1] "staring with p = " "0.2"              
[1] "precision_p  3.5242919693701e-12"
          p_root lambda_weib_root 
     0.758697046      0.001047796 
[1] "Running in group mode"
[1] "expon_lambda root  0.00951837703088962"
[1] "staring with p = " "0.2"              
[1] "precision_p  2.88018455307792e-07"
          p_root lambda_weib_root 
      0.61062926       0.01963263 
[1] "Running in group mode"
[1] "expon_lambda root  0.00258966034394115"
[1] "staring with p = " "0.2"              
[1] "precision_p  3.47881723428145e-11"
          p_root lambda_weib_root 
     0.647368175      0.002038924 
                        [,1]         [,2]         [,3]         [,4]
156.INTNODE1247 9.005224e-05 6.688939e-02 1.875880e-01 7.454326e-01
240.INTNODE1247 3.499861e-04 8.589540e-02 1.021131e-01 8.116415e-01
277.INTNODE1249 9.632508e-07 1.241964e-02 7.155060e-01 2.720734e-01
467.INTNODE1354 1.092014e-07 1.479750e-02 5.044145e-01 4.807879e-01
7.INTNODE1628   4.714610e-10 8.567369e-03 5.061325e-01 4.853001e-01
202.INTNODE1911 4.036273e-08 3.291292e-02 5.264324e-02 9.144438e-01
203.INTNODE2046 8.295412e-07 2.224509e-02 5.689138e-01 4.088403e-01
202.INTNODE2079 1.699701e-05 8.828022e-02 1.717649e-03 9.099851e-01
202.INTNODE2080 2.882926e-08 3.724536e-02 1.029022e-02 9.524644e-01
206.INTNODE2084 1.831583e-04 2.542800e-01 4.640390e-11 7.455368e-01
52.INTNODE2226  1.869821e-04 3.844556e-01 2.124901e-16 6.153574e-01
162.INTNODE2226 2.279486e-06 2.232605e-01 2.666057e-15 7.767372e-01
157.INTNODE2228 1.735008e-05 1.805530e-01 2.027776e-11 8.194296e-01
290.INTNODE2230 3.968986e-04 2.513034e-01 8.684614e-11 7.482997e-01
205.INTNODE2233 2.627329e-08 3.338622e-02 1.199247e-06 9.666126e-01
467.INTNODE2283 1.746373e-04 1.009669e-01 9.404522e-03 8.894539e-01
99.INTNODE2298  2.509784e-04 1.846526e-01 1.622317e-09 8.150964e-01
111.INTNODE2298 2.341050e-03 2.912284e-01 8.105986e-11 7.064306e-01
489.INTNODE2301 3.112394e-03 3.723958e-01 2.873425e-14 6.244918e-01
3.INTNODE2304   6.223280e-13 2.808718e-03 2.900390e-05 9.971623e-01
182.INTNODE2305 1.300704e-03 3.688024e-01 9.009717e-15 6.298969e-01
169.INTNODE2394 2.170952e-14 1.804816e-04 4.147107e-01 5.851088e-01
199.INTNODE2394 1.653180e-02 3.330930e-01 8.133313e-10 6.503752e-01
361.INTNODE2395 1.695705e-01 5.383645e-01 1.802297e-16 2.920649e-01
86.INTNODE2399  1.527443e-01 5.043629e-01 5.282294e-15 3.428928e-01
289.INTNODE2399 2.473880e-07 3.923252e-02 1.920592e-08 9.607672e-01
326.INTNODE2400 7.287952e-06 6.646559e-02 1.086581e-08 9.335271e-01
88.INTNODE2401  4.003053e-02 3.765917e-01 8.116591e-13 5.833778e-01
97.INTNODE2401  1.824603e-02 3.605743e-01 1.273574e-12 6.211797e-01
287.INTNODE2401 3.872881e-02 5.142687e-01 3.751652e-14 4.470025e-01
289.INTNODE2401 2.497082e-05 5.298052e-02 2.649519e-01 6.820426e-01
16.INTNODE2402  2.329411e-01 4.494743e-01 3.698946e-14 3.175846e-01
74.INTNODE2402  1.990141e-02 3.518830e-01 3.682620e-12 6.282156e-01
91.INTNODE2404  1.196450e-02 2.726474e-01 4.208951e-11 7.153881e-01
155.INTNODE2404 7.402335e-02 4.213032e-01 1.266811e-12 5.046734e-01
223.INTNODE2404 2.320076e-01 4.341553e-01 1.565731e-13 3.338371e-01
173.INTNODE2405 2.613707e-03 3.707564e-01 1.736426e-12 6.266299e-01
12.INTNODE2406  8.134408e-02 3.675686e-01 2.377080e-12 5.510874e-01
13.INTNODE2406  2.376649e-01 4.380512e-01 8.489949e-14 3.242839e-01
71.INTNODE2406  1.290045e-01 4.249172e-01 3.799079e-13 4.460783e-01
142.INTNODE2406 3.376026e-09 8.853655e-04 3.008036e-01 6.983111e-01
202.INTNODE2406 1.624333e-07 2.977232e-02 2.170600e-04 9.700105e-01
205.INTNODE2406 8.936464e-05 3.565553e-02 4.307049e-04 9.638244e-01
206.INTNODE2406 6.134009e-04 7.570723e-02 9.089758e-07 9.236785e-01
209.INTNODE2406 6.039924e-02 4.102537e-01 2.398840e-12 5.293471e-01
210.INTNODE2406 3.650652e-02 3.454371e-01 9.635937e-12 6.180564e-01
418.INTNODE2406 7.646663e-04 1.823931e-01 1.451989e-10 8.168423e-01
293.INTNODE2415 2.993325e-02 2.627467e-01 3.559107e-10 7.073200e-01
138.INTNODE2416 1.303189e-03 1.747600e-01 1.472154e-09 8.239368e-01
240.INTNODE2421 1.919392e-03 3.597530e-01 3.854905e-12 6.383276e-01
238.INTNODE2422 5.244392e-33 4.178999e-18 1.000000e+00 3.894300e-12
269.INTNODE2423 6.085737e-02 3.386110e-01 4.743811e-10 6.005317e-01
311.INTNODE2423 1.525856e-01 4.018770e-01 2.548620e-12 4.455374e-01
73.INTNODE2425  1.215965e-03 3.328907e-01 1.762359e-11 6.658934e-01
151.INTNODE2425 2.462336e-06 9.961700e-02 3.789053e-09 9.003805e-01
207.INTNODE2425 2.021934e-02 2.033847e-01 4.033554e-05 7.763556e-01
145.INTNODE2426 4.849848e-03 2.269127e-01 1.531986e-09 7.682375e-01
178.INTNODE2426 2.234316e-02 1.338131e-01 3.930237e-08 8.438437e-01
88.INTNODE2428  3.151727e-04 1.000714e-01 2.699393e-03 8.969141e-01
111.INTNODE2428 4.149993e-03 7.785600e-02 2.078669e-04 9.177861e-01
155.INTNODE2428 4.269336e-03 1.419496e-01 3.764325e-03 8.500167e-01
470.INTNODE2428 1.023146e-01 3.832794e-01 3.669535e-11 5.144060e-01
4.INTNODE2429   2.120193e-02 4.631448e-01 6.303094e-12 5.156532e-01
13.INTNODE2429  5.338672e-04 9.915671e-02 5.661714e-03 8.946477e-01
90.INTNODE2429  2.758186e-03 2.615594e-01 1.158784e-09 7.356824e-01
113.INTNODE2429 3.254803e-02 1.122088e-01 1.276242e-07 8.552430e-01
145.INTNODE2429 7.777559e-04 1.061538e-01 3.115587e-02 8.619126e-01
171.INTNODE2429 5.268098e-05 1.292251e-01 8.678023e-09 8.707223e-01
179.INTNODE2429 1.342264e-03 1.533307e-01 3.461542e-08 8.453270e-01
184.INTNODE2429 3.980822e-04 1.934564e-01 1.817080e-09 8.061455e-01
186.INTNODE2429 4.486913e-02 1.809567e-01 8.784229e-09 7.741741e-01
202.INTNODE2429 2.590017e-04 7.020373e-02 2.617634e-02 9.033609e-01
205.INTNODE2429 4.790636e-04 8.909272e-02 2.188254e-02 8.885457e-01
289.INTNODE2429 2.124722e-02 1.898858e-01 1.654749e-04 7.887015e-01
415.INTNODE2429 1.718441e-02 3.300040e-01 9.383825e-11 6.528116e-01
113.INTNODE2433 5.875322e-05 6.410904e-02 1.899685e-01 7.458637e-01
292.INTNODE2433 6.433220e-02 4.665718e-01 1.414018e-11 4.690960e-01
78.INTNODE2434  2.537327e-02 3.828956e-01 1.424746e-10 5.917311e-01
85.INTNODE2434  9.784868e-02 3.304344e-01 3.324326e-10 5.717169e-01
169.INTNODE2434 3.884779e-03 3.539798e-02 1.567863e-01 8.039309e-01
176.INTNODE2434 2.737996e-06 4.215458e-06 9.976149e-01 2.378122e-03
201.INTNODE2434 3.700621e-02 1.729742e-01 3.942675e-08 7.900196e-01
238.INTNODE2434 7.888231e-04 9.011470e-02 3.127631e-02 8.778202e-01
488.INTNODE2434 1.491798e-02 1.972873e-01 2.323624e-08 7.877947e-01
60.INTNODE2435  1.112646e-02 1.814571e-01 2.011073e-04 8.072154e-01
171.INTNODE2435 2.666412e-04 9.439584e-02 4.083243e-02 8.645051e-01
202.INTNODE2435 2.757177e-03 1.295833e-01 8.828510e-03 8.588310e-01
206.INTNODE2435 3.871224e-03 1.290573e-01 1.344494e-03 8.657270e-01
232.INTNODE2435 1.873853e-02 1.756526e-01 5.958482e-04 8.050130e-01
261.INTNODE2435 4.041583e-02 2.259891e-01 9.041888e-09 7.335951e-01
[1] 0.02706076 0.20784608 0.06843412 0.69665904
[1] "model lnL"
[1] -2787.749
[1] "------------Step 2"
[1] "Running in group mode"
[1] "expon_lambda root  0.00115820484244583"
[1] "staring with p = " "0.2"              
[1] "precision_p  3.19566595408105e-11"
          p_root lambda_weib_root 
     1.686499202      0.001962009 
[1] "Running in group mode"
[1] "expon_lambda root  0.00135254802992373"
[1] "staring with p = " "0.2"              
[1] "precision_p  2.27373675443232e-13"
          p_root lambda_weib_root 
    0.7414974349     0.0009283713 
[1] "Running in group mode"
[1] "expon_lambda root  0.0092650697387712"
[1] "staring with p = " "0.2"              
[1] "precision_p  6.11066752753686e-13"
          p_root lambda_weib_root 
      0.71021868       0.01321697 
[1] "Running in group mode"
[1] "expon_lambda root  0.00244419916921445"
[1] "staring with p = " "0.2"              
[1] "precision_p  5.3745452532894e-11"
          p_root lambda_weib_root 
     0.635851313      0.001863566 
                        [,1]         [,2]         [,3]         [,4]
156.INTNODE1247 1.242881e-04 5.044004e-02 3.473598e-01 6.020759e-01
240.INTNODE1247 4.766539e-04 6.566796e-02 2.719743e-01 6.618811e-01
277.INTNODE1249 1.579200e-06 8.414242e-03 7.626212e-01 2.289630e-01
467.INTNODE1354 1.489534e-07 6.565812e-03 7.050855e-01 2.883485e-01
7.INTNODE1628   6.978342e-10 3.586018e-03 7.324745e-01 2.639395e-01
202.INTNODE1911 7.122746e-08 2.159730e-02 3.100630e-01 6.683396e-01
203.INTNODE2046 1.594981e-06 2.130934e-02 5.576456e-01 4.210434e-01
202.INTNODE2079 3.290574e-05 8.802748e-02 4.186202e-02 8.700776e-01
202.INTNODE2080 6.449654e-08 3.087695e-02 1.229099e-01 8.462131e-01
206.INTNODE2084 4.390331e-04 3.307143e-01 2.362179e-06 6.688443e-01
52.INTNODE2226  5.272704e-04 5.061256e-01 1.441620e-09 4.933471e-01
162.INTNODE2226 8.546460e-06 2.915610e-01 1.003082e-08 7.084305e-01
157.INTNODE2228 4.994251e-05 2.081032e-01 5.643191e-07 7.918463e-01
290.INTNODE2230 8.824104e-04 3.013339e-01 6.277682e-07 6.977831e-01
205.INTNODE2233 9.120290e-08 2.339274e-02 7.888505e-04 9.758183e-01
467.INTNODE2283 2.916499e-04 9.296630e-02 8.096243e-02 8.257796e-01
99.INTNODE2298  5.610887e-04 1.977956e-01 3.026242e-06 8.016402e-01
111.INTNODE2298 4.447748e-03 3.455852e-01 2.726199e-07 6.499667e-01
489.INTNODE2301 5.998288e-03 4.465007e-01 1.032290e-09 5.475010e-01
3.INTNODE2304   3.612919e-12 8.349977e-04 1.890869e-02 9.802563e-01
182.INTNODE2305 2.553855e-03 4.520524e-01 4.674185e-10 5.453938e-01
169.INTNODE2394 1.726374e-15 1.784384e-07 9.944387e-01 5.561123e-03
199.INTNODE2394 2.675792e-02 3.993788e-01 1.216518e-06 5.738621e-01
361.INTNODE2395 1.775782e-01 6.388321e-01 6.168123e-12 1.835897e-01
86.INTNODE2399  1.629464e-01 6.050510e-01 5.452977e-11 2.320026e-01
289.INTNODE2399 7.532845e-07 2.433040e-02 1.757134e-05 9.756513e-01
326.INTNODE2400 1.875967e-05 4.653435e-02 8.199441e-06 9.534387e-01
88.INTNODE2401  5.855298e-02 4.276474e-01 2.913965e-09 5.137996e-01
97.INTNODE2401  2.768998e-02 4.157724e-01 3.887008e-09 5.565376e-01
287.INTNODE2401 4.135747e-02 6.415914e-01 1.173885e-10 3.170512e-01
289.INTNODE2401 3.551382e-05 3.983157e-02 4.105389e-01 5.495940e-01
16.INTNODE2402  2.160828e-01 5.586425e-01 6.991802e-11 2.252747e-01
74.INTNODE2402  2.760921e-02 4.067280e-01 4.571175e-09 5.656628e-01
91.INTNODE2404  1.826663e-02 2.883241e-01 3.063064e-08 6.934093e-01
155.INTNODE2404 8.235862e-02 5.064022e-01 1.120116e-09 4.112391e-01
223.INTNODE2404 2.130001e-01 5.431157e-01 1.598394e-10 2.438842e-01
173.INTNODE2405 3.269828e-03 4.717719e-01 1.156863e-09 5.249583e-01
12.INTNODE2406  1.032708e-01 4.141535e-01 3.207272e-09 4.825758e-01
13.INTNODE2406  2.188754e-01 5.472662e-01 1.207548e-10 2.338584e-01
71.INTNODE2406  1.393635e-01 5.067982e-01 5.371196e-10 3.538383e-01
142.INTNODE2406 6.217434e-10 4.137512e-06 9.715881e-01 2.840780e-02
202.INTNODE2406 4.162235e-07 1.901810e-02 6.966561e-03 9.740149e-01
205.INTNODE2406 2.095473e-04 1.625096e-02 3.754098e-02 9.459985e-01
206.INTNODE2406 1.323296e-03 4.712606e-02 2.343503e-04 9.513163e-01
209.INTNODE2406 7.059302e-02 4.917536e-01 2.443163e-09 4.376534e-01
210.INTNODE2406 4.937727e-02 3.917400e-01 9.745591e-09 5.588827e-01
418.INTNODE2406 1.374525e-03 1.768133e-01 9.935935e-08 8.218121e-01
293.INTNODE2415 4.325448e-02 2.675538e-01 1.367463e-07 6.891916e-01
138.INTNODE2416 2.137221e-03 1.645878e-01 2.992682e-07 8.332747e-01
240.INTNODE2421 2.313186e-03 4.612209e-01 1.526341e-09 5.364659e-01
238.INTNODE2422 3.282167e-31 2.349934e-19 1.000000e+00 1.537219e-11
269.INTNODE2423 7.372128e-02 3.919570e-01 1.034538e-07 5.343216e-01
311.INTNODE2423 1.557324e-01 4.816546e-01 1.206488e-09 3.626130e-01
73.INTNODE2425  1.463880e-03 4.265561e-01 3.221330e-09 5.719800e-01
151.INTNODE2425 4.668608e-06 9.665078e-02 3.295676e-07 9.033442e-01
207.INTNODE2425 3.044402e-02 2.147022e-01 1.475412e-03 7.533784e-01
145.INTNODE2426 7.014710e-03 2.343559e-01 1.967136e-07 7.586292e-01
178.INTNODE2426 3.705422e-02 9.188014e-02 6.545727e-06 8.710591e-01
88.INTNODE2428  5.423680e-04 8.991098e-02 2.560119e-02 8.839455e-01
111.INTNODE2428 7.618681e-03 4.756372e-02 7.650964e-03 9.371666e-01
155.INTNODE2428 6.565419e-03 1.362715e-01 3.523670e-02 8.219264e-01
470.INTNODE2428 1.052946e-01 4.585415e-01 6.167150e-09 4.361639e-01
4.INTNODE2429   1.894312e-02 5.935758e-01 7.435320e-10 3.874810e-01
13.INTNODE2429  9.017710e-04 8.462109e-02 5.389464e-02 8.605825e-01
90.INTNODE2429  3.626711e-03 2.995806e-01 8.357468e-08 6.967926e-01
113.INTNODE2429 5.475140e-02 6.661387e-02 1.771345e-05 8.786170e-01
145.INTNODE2429 1.147600e-03 9.063894e-02 1.401566e-01 7.680568e-01
171.INTNODE2429 8.828445e-05 1.226881e-01 4.721312e-07 8.772232e-01
179.INTNODE2429 2.157581e-03 1.370840e-01 2.346907e-06 8.607561e-01
184.INTNODE2429 5.936709e-04 2.061353e-01 1.285401e-07 7.932709e-01
186.INTNODE2429 6.790223e-02 1.439445e-01 1.323048e-06 7.881519e-01
202.INTNODE2429 4.092058e-04 4.515522e-02 1.915284e-01 7.629071e-01
205.INTNODE2429 7.512236e-04 6.856008e-02 1.356444e-01 7.950443e-01
289.INTNODE2429 3.147029e-02 1.954830e-01 3.619000e-03 7.694277e-01
415.INTNODE2429 2.073097e-02 3.816094e-01 1.314204e-08 5.976596e-01
113.INTNODE2433 8.202348e-05 4.826744e-02 3.516498e-01 6.000007e-01
292.INTNODE2433 5.535411e-02 5.902706e-01 1.153868e-09 3.543753e-01
78.INTNODE2434  2.685694e-02 4.665043e-01 1.011795e-08 5.066388e-01
85.INTNODE2434  1.114806e-01 3.670638e-01 3.131785e-08 5.214556e-01
169.INTNODE2434 2.388738e-03 4.875081e-03 7.426911e-01 2.500450e-01
176.INTNODE2434 3.458559e-07 1.039153e-08 9.999090e-01 9.064019e-05
201.INTNODE2434 5.592747e-02 1.357199e-01 3.105695e-06 8.083495e-01
238.INTNODE2434 1.170752e-03 6.577143e-02 1.786030e-01 7.544548e-01
488.INTNODE2434 2.190375e-02 1.773868e-01 1.410013e-06 8.007080e-01
60.INTNODE2435  1.657990e-02 1.888124e-01 3.599518e-03 7.910082e-01
171.INTNODE2435 4.005341e-04 8.007056e-02 1.562793e-01 7.632497e-01
202.INTNODE2435 4.198114e-03 1.191839e-01 6.710658e-02 8.095114e-01
206.INTNODE2435 6.242486e-03 1.164637e-01 1.820791e-02 8.590859e-01
232.INTNODE2435 2.787523e-02 1.759644e-01 9.670404e-03 7.864900e-01
261.INTNODE2435 5.830347e-02 2.047706e-01 6.694408e-07 7.369253e-01
[1] 0.03024122 0.23176168 0.11662841 0.62136870
[1] "model lnL"
[1] -2781.282
[1] "------------Step 3"
[1] "Running in group mode"
[1] "expon_lambda root  0.00127128357856837"
[1] "staring with p = " "0.2"              
[1] "precision_p  1.74811276565379e-11"
          p_root lambda_weib_root 
     1.693143260      0.002062157 
[1] "Running in group mode"
[1] "expon_lambda root  0.00134708965067558"
[1] "staring with p = " "0.2"              
[1] "precision_p  4.72857053068765e-07"
          p_root lambda_weib_root 
    0.7372270983     0.0009146159 
[1] "Running in group mode"
[1] "expon_lambda root  0.00912005189817076"
[1] "staring with p = " "0.2"              
[1] "precision_p  7.18234645091798e-07"
          p_root lambda_weib_root 
      0.74795185       0.01168731 
[1] "Running in group mode"
[1] "expon_lambda root  0.00233999029994226"
[1] "staring with p = " "0.2"              
[1] "precision_p  4.26041424361756e-11"
          p_root lambda_weib_root 
     0.640125313      0.001766718 
                        [,1]         [,2]         [,3]         [,4]
156.INTNODE1247 1.631232e-04 4.761931e-02 4.896168e-01 4.626008e-01
240.INTNODE1247 5.863234e-04 5.896977e-02 4.530451e-01 4.873988e-01
277.INTNODE1249 2.517605e-06 8.066547e-03 8.128697e-01 1.790613e-01
467.INTNODE1354 2.283101e-07 5.176671e-03 8.069476e-01 1.878755e-01
7.INTNODE1628   1.354640e-09 3.332753e-03 8.002481e-01 1.964191e-01
202.INTNODE1911 1.090629e-07 1.889806e-02 5.141786e-01 4.669233e-01
203.INTNODE2046 2.824014e-06 2.581862e-02 5.686892e-01 4.054894e-01
202.INTNODE2079 4.928222e-05 9.248360e-02 1.682131e-01 7.392540e-01
202.INTNODE2080 1.112257e-07 3.042555e-02 3.018752e-01 6.676992e-01
206.INTNODE2084 6.704438e-04 3.704774e-01 3.471978e-04 6.285050e-01
52.INTNODE2226  8.428727e-04 5.371193e-01 2.386273e-06 4.620355e-01
162.INTNODE2226 1.695449e-05 3.185897e-01 1.135592e-05 6.813820e-01
157.INTNODE2228 9.402128e-05 2.285543e-01 7.488756e-05 7.712768e-01
290.INTNODE2230 1.373979e-03 3.288731e-01 4.507010e-05 6.697079e-01
205.INTNODE2233 2.680953e-07 2.521902e-02 1.873017e-02 9.560505e-01
467.INTNODE2283 4.014014e-04 9.275910e-02 2.314675e-01 6.753720e-01
99.INTNODE2298  9.618964e-04 2.154058e-01 1.117330e-04 7.835205e-01
111.INTNODE2298 6.334315e-03 3.712300e-01 1.292245e-05 6.224228e-01
489.INTNODE2301 8.469366e-03 4.623218e-01 1.285832e-07 5.292087e-01
3.INTNODE2304   1.743397e-11 5.771054e-04 3.062072e-01 6.932157e-01
182.INTNODE2305 3.601991e-03 4.693871e-01 6.290058e-08 5.270108e-01
169.INTNODE2394 1.061076e-15 5.983644e-09 9.997806e-01 2.194283e-04
199.INTNODE2394 3.372845e-02 4.288874e-01 4.182773e-05 5.373424e-01
361.INTNODE2395 1.698197e-01 6.565404e-01 7.232677e-10 1.736399e-01
86.INTNODE2399  1.571075e-01 6.242983e-01 3.482036e-09 2.185942e-01
289.INTNODE2399 2.201024e-06 2.474817e-02 3.871582e-04 9.748625e-01
326.INTNODE2400 4.576433e-05 4.761137e-02 1.632293e-04 9.521796e-01
88.INTNODE2401  7.180464e-02 4.351114e-01 1.048753e-07 4.930839e-01
97.INTNODE2401  3.474090e-02 4.278199e-01 1.262301e-07 5.374390e-01
287.INTNODE2401 3.906986e-02 6.641474e-01 3.507154e-09 2.967827e-01
289.INTNODE2401 4.899613e-05 3.884563e-02 5.279826e-01 4.331227e-01
16.INTNODE2402  1.911816e-01 5.910167e-01 1.535256e-09 2.178017e-01
74.INTNODE2402  3.262260e-02 4.198899e-01 8.171943e-08 5.474874e-01
91.INTNODE2404  2.428480e-02 2.962400e-01 4.252452e-07 6.794748e-01
155.INTNODE2404 8.200060e-02 5.245672e-01 1.596649e-08 3.934322e-01
223.INTNODE2404 1.865556e-01 5.772643e-01 2.483635e-09 2.361801e-01
173.INTNODE2405 3.397324e-03 4.959485e-01 1.204787e-08 5.006542e-01
12.INTNODE2406  1.149455e-01 4.213399e-01 5.802372e-08 4.637146e-01
13.INTNODE2406  1.913370e-01 5.820106e-01 2.174221e-09 2.266524e-01
71.INTNODE2406  1.361823e-01 5.242364e-01 9.559298e-09 3.395812e-01
142.INTNODE2406 4.906084e-10 2.768635e-07 9.976771e-01 2.322672e-03
202.INTNODE2406 1.078355e-06 2.032377e-02 3.216236e-02 9.475128e-01
205.INTNODE2406 4.492072e-04 1.187527e-02 3.068169e-01 6.808586e-01
206.INTNODE2406 3.048199e-03 4.755636e-02 3.256969e-03 9.461385e-01
209.INTNODE2406 7.226170e-02 5.102237e-01 3.843134e-08 4.175146e-01
210.INTNODE2406 5.748272e-02 4.033059e-01 1.567337e-07 5.392112e-01
418.INTNODE2406 2.150757e-03 1.825662e-01 1.276503e-06 8.152818e-01
293.INTNODE2415 5.502921e-02 2.737390e-01 1.320252e-06 6.712305e-01
138.INTNODE2416 3.139488e-03 1.701433e-01 1.920036e-06 8.267153e-01
240.INTNODE2421 2.272258e-03 4.865284e-01 1.014142e-08 5.111994e-01
238.INTNODE2422 2.313171e-29 1.603205e-19 1.000000e+00 1.486139e-11
269.INTNODE2423 7.761077e-02 4.121784e-01 8.059680e-07 5.102100e-01
311.INTNODE2423 1.438995e-01 5.044537e-01 1.104087e-08 3.516469e-01
73.INTNODE2425  1.436951e-03 4.524871e-01 1.451594e-08 5.460760e-01
151.INTNODE2425 7.467535e-06 1.032811e-01 1.079551e-06 8.967104e-01
207.INTNODE2425 4.081583e-02 2.380285e-01 9.284696e-03 7.118710e-01
145.INTNODE2426 8.867567e-03 2.446190e-01 9.598840e-07 7.465125e-01
178.INTNODE2426 6.283789e-02 8.815209e-02 4.769128e-05 8.489623e-01
88.INTNODE2428  8.663140e-04 9.833169e-02 8.035127e-02 8.204507e-01
111.INTNODE2428 1.536515e-02 4.724421e-02 4.512900e-02 8.922616e-01
155.INTNODE2428 8.987361e-03 1.442329e-01 1.187534e-01 7.280263e-01
470.INTNODE2428 9.671698e-02 4.819411e-01 3.197091e-08 4.213419e-01
4.INTNODE2429   1.463287e-02 6.222209e-01 2.512182e-09 3.631462e-01
13.INTNODE2429  1.361098e-03 8.567306e-02 1.734611e-01 7.395047e-01
90.INTNODE2429  3.950943e-03 3.176961e-01 2.551889e-07 6.783527e-01
113.INTNODE2429 9.685800e-02 6.129463e-02 1.152136e-04 8.417322e-01
145.INTNODE2429 1.474484e-03 8.643893e-02 3.075208e-01 6.045657e-01
171.INTNODE2429 1.268389e-04 1.291773e-01 1.201242e-06 8.706947e-01
179.INTNODE2429 3.123395e-03 1.426890e-01 8.585920e-06 8.541790e-01
184.INTNODE2429 7.348209e-04 2.178883e-01 3.688531e-07 7.813765e-01
186.INTNODE2429 9.660935e-02 1.397071e-01 7.683440e-06 7.636758e-01
202.INTNODE2429 5.292205e-04 3.387562e-02 4.710640e-01 4.945312e-01
205.INTNODE2429 1.017635e-03 6.131223e-02 3.365931e-01 6.010770e-01
289.INTNODE2429 4.236784e-02 2.161243e-01 1.820708e-02 7.233008e-01
415.INTNODE2429 2.097519e-02 3.979113e-01 5.430182e-08 5.811135e-01
113.INTNODE2433 1.088711e-04 4.577386e-02 4.921043e-01 4.620130e-01
292.INTNODE2433 4.092740e-02 6.231018e-01 3.156672e-09 3.359708e-01
78.INTNODE2434  2.316457e-02 4.910177e-01 2.677816e-08 4.858178e-01
85.INTNODE2434  1.073397e-01 3.826108e-01 1.083674e-07 5.100493e-01
169.INTNODE2434 1.310566e-03 1.018509e-03 9.472545e-01 5.041646e-02
176.INTNODE2434 3.119420e-07 7.133000e-10 9.999911e-01 8.591479e-06
201.INTNODE2434 7.760424e-02 1.332125e-01 1.209459e-05 7.891712e-01
238.INTNODE2434 1.467886e-03 5.452954e-02 4.144943e-01 5.295082e-01
488.INTNODE2434 2.807042e-02 1.811719e-01 4.404837e-06 7.907533e-01
60.INTNODE2435  2.244063e-02 2.114618e-01 1.553829e-02 7.505593e-01
171.INTNODE2435 5.319793e-04 7.791740e-02 3.121357e-01 6.094149e-01
202.INTNODE2435 5.541866e-03 1.195455e-01 1.986154e-01 6.762973e-01
206.INTNODE2435 9.398920e-03 1.252453e-01 7.055445e-02 7.948014e-01
232.INTNODE2435 3.766933e-02 1.921625e-01 4.291912e-02 7.272491e-01
261.INTNODE2435 6.989300e-02 2.062725e-01 2.167299e-06 7.238323e-01
[1] 0.03172139 0.24188989 0.15994603 0.56644269
[1] "model lnL"
[1] -2778.827
[1] "------------Step 4"
[1] "Running in group mode"
[1] "expon_lambda root  0.00136994018026896"
[1] "staring with p = " "0.2"              
[1] "precision_p  3.00364177974188e-11"
          p_root lambda_weib_root 
     1.720130133      0.002171974 
[1] "Running in group mode"
[1] "expon_lambda root  0.00135904299432365"
[1] "staring with p = " "0.2"              
[1] "precision_p  5.96028158383888e-07"
          p_root lambda_weib_root 
     0.735434389      0.000924294 
[1] "Running in group mode"
[1] "expon_lambda root  0.00895100000124773"
[1] "staring with p = " "0.2"              
[1] "precision_p  7.56612649865929e-07"
          p_root lambda_weib_root 
       0.7666443        0.0108802 
[1] "Running in group mode"
[1] "expon_lambda root  0.00224181594853908"
[1] "staring with p = " "0.2"              
[1] "precision_p  2.52668996836292e-11"
          p_root lambda_weib_root 
     0.647938458      0.001678609 
                        [,1]         [,2]         [,3]         [,4]
156.INTNODE1247 1.830738e-04 4.684456e-02 5.831999e-01 3.697724e-01
240.INTNODE1247 6.427708e-04 5.599966e-02 5.623024e-01 3.810552e-01
277.INTNODE1249 3.036228e-06 8.027354e-03 8.543631e-01 1.376065e-01
467.INTNODE1354 2.788838e-07 4.921312e-03 8.604127e-01 1.346657e-01
7.INTNODE1628   1.776275e-09 3.573436e-03 8.434164e-01 1.530102e-01
202.INTNODE1911 1.289334e-07 1.930662e-02 6.144172e-01 3.662761e-01
203.INTNODE2046 3.442049e-06 2.861631e-02 6.200434e-01 3.513368e-01
202.INTNODE2079 5.697831e-05 9.571900e-02 2.706908e-01 6.335332e-01
202.INTNODE2080 1.361125e-07 3.240948e-02 4.161793e-01 5.514111e-01
206.INTNODE2084 7.769927e-04 3.834938e-01 1.691308e-03 6.140379e-01
52.INTNODE2226  1.002479e-03 5.334924e-01 2.530973e-05 4.654798e-01
162.INTNODE2226 2.191565e-05 3.281370e-01 1.050075e-04 6.717361e-01
157.INTNODE2228 1.278427e-04 2.444838e-01 4.074001e-04 7.549809e-01
290.INTNODE2230 1.711379e-03 3.434231e-01 2.088875e-04 6.546566e-01
205.INTNODE2233 5.069414e-07 3.044886e-02 6.234937e-02 9.072013e-01
467.INTNODE2283 4.583227e-04 9.273949e-02 3.446471e-01 5.621551e-01
99.INTNODE2298  1.323775e-03 2.328284e-01 4.397078e-04 7.654081e-01
111.INTNODE2298 7.729262e-03 3.834628e-01 5.513573e-05 6.087528e-01
489.INTNODE2301 1.037134e-02 4.645354e-01 7.760271e-07 5.250925e-01
3.INTNODE2304   3.545265e-11 4.717509e-04 6.261358e-01 3.733925e-01
182.INTNODE2305 4.329648e-03 4.718135e-01 3.858079e-07 5.238564e-01
169.INTNODE2394 2.081874e-15 2.569506e-09 9.999475e-01 5.246783e-05
199.INTNODE2394 3.857921e-02 4.373778e-01 1.573720e-04 5.238856e-01
361.INTNODE2395 1.707383e-01 6.458845e-01 4.638769e-09 1.833771e-01
86.INTNODE2399  1.579646e-01 6.158729e-01 1.818663e-08 2.261625e-01
289.INTNODE2399 4.661416e-06 3.074295e-02 1.441973e-03 9.678104e-01
326.INTNODE2400 8.679644e-05 5.677062e-02 5.850728e-04 9.425575e-01
88.INTNODE2401  8.382171e-02 4.337348e-01 4.432791e-07 4.824430e-01
97.INTNODE2401  4.075155e-02 4.315244e-01 5.174876e-07 5.277235e-01
287.INTNODE2401 3.778450e-02 6.598526e-01 1.451341e-08 3.023629e-01
289.INTNODE2401 5.565062e-05 3.903714e-02 6.110430e-01 3.498642e-01
16.INTNODE2402  1.803521e-01 5.928547e-01 5.846890e-09 2.267931e-01
74.INTNODE2402  3.647882e-02 4.260828e-01 2.785674e-07 5.374381e-01
91.INTNODE2404  2.973787e-02 3.079500e-01 1.335840e-06 6.623108e-01
155.INTNODE2404 8.212409e-02 5.256990e-01 5.138236e-08 3.921769e-01
223.INTNODE2404 1.737752e-01 5.815485e-01 8.438461e-09 2.446762e-01
173.INTNODE2405 3.289006e-03 5.033696e-01 3.470730e-08 4.933413e-01
12.INTNODE2406  1.247307e-01 4.211542e-01 1.960979e-07 4.541149e-01
13.INTNODE2406  1.773048e-01 5.866948e-01 7.667003e-09 2.360004e-01
71.INTNODE2406  1.351638e-01 5.234993e-01 3.280982e-08 3.413369e-01
142.INTNODE2406 9.583281e-10 1.334299e-07 9.993156e-01 6.842659e-04
202.INTNODE2406 2.004951e-06 2.535919e-02 6.740425e-02 9.072346e-01
205.INTNODE2406 6.877040e-04 9.620177e-03 5.604995e-01 4.291926e-01
206.INTNODE2406 5.909726e-03 5.614580e-02 1.002947e-02 9.279150e-01
209.INTNODE2406 7.321249e-02 5.121557e-01 1.247654e-07 4.146317e-01
210.INTNODE2406 6.372875e-02 4.086946e-01 5.070497e-07 5.275761e-01
418.INTNODE2406 2.897901e-03 1.982057e-01 3.910589e-06 7.988925e-01
293.INTNODE2415 6.452062e-02 2.847368e-01 3.567503e-06 6.507390e-01
138.INTNODE2416 3.994889e-03 1.864133e-01 4.704447e-06 8.095871e-01
240.INTNODE2421 2.032301e-03 4.953791e-01 2.467764e-08 5.025885e-01
238.INTNODE2422 3.904896e-28 2.607854e-19 1.000000e+00 8.648641e-12
269.INTNODE2423 7.851546e-02 4.216889e-01 2.022178e-06 4.997936e-01
311.INTNODE2423 1.337652e-01 5.109424e-01 3.057898e-08 3.552924e-01
73.INTNODE2425  1.270294e-03 4.642968e-01 3.151041e-08 5.344329e-01
151.INTNODE2425 9.187697e-06 1.190356e-01 2.152861e-06 8.809530e-01
207.INTNODE2425 4.961385e-02 2.539380e-01 1.993320e-02 6.765150e-01
145.INTNODE2426 9.959818e-03 2.614405e-01 2.130404e-06 7.285975e-01
178.INTNODE2426 9.541647e-02 9.628593e-02 1.196541e-04 8.081779e-01
88.INTNODE2428  1.149321e-03 1.084449e-01 1.369878e-01 7.534179e-01
111.INTNODE2428 2.651901e-02 5.291335e-02 9.875280e-02 8.218148e-01
155.INTNODE2428 1.076369e-02 1.488204e-01 1.977537e-01 6.426622e-01
470.INTNODE2428 8.766671e-02 4.917186e-01 7.317609e-08 4.206146e-01
4.INTNODE2429   1.101649e-02 6.260780e-01 5.024716e-09 3.629055e-01
13.INTNODE2429  1.718477e-03 8.773113e-02 2.808683e-01 6.296821e-01
90.INTNODE2429  3.764214e-03 3.350554e-01 4.803790e-07 6.611799e-01
113.INTNODE2429 1.504924e-01 6.639247e-02 2.725258e-04 7.828426e-01
145.INTNODE2429 1.659114e-03 8.408418e-02 4.236638e-01 4.905930e-01
171.INTNODE2429 1.456957e-04 1.460091e-01 2.187008e-06 8.538430e-01
179.INTNODE2429 3.820227e-03 1.591964e-01 1.725379e-05 8.369661e-01
184.INTNODE2429 7.581001e-04 2.365496e-01 6.890806e-07 7.626916e-01
186.INTNODE2429 1.235484e-01 1.485000e-01 1.767976e-05 7.279339e-01
202.INTNODE2429 6.089441e-04 2.900945e-02 6.275434e-01 3.428382e-01
205.INTNODE2429 1.192589e-03 5.780349e-02 4.743099e-01 4.666940e-01
289.INTNODE2429 5.186251e-02 2.305951e-01 3.634629e-02 6.811961e-01
415.INTNODE2429 1.937100e-02 4.103950e-01 1.138166e-07 5.702339e-01
113.INTNODE2433 1.224045e-04 4.525082e-02 5.845807e-01 3.700461e-01
292.INTNODE2433 2.937923e-02 6.310195e-01 5.854901e-09 3.396013e-01
78.INTNODE2434  1.821824e-02 5.020423e-01 4.791453e-08 4.797394e-01
85.INTNODE2434  9.541963e-02 3.973523e-01 2.123209e-07 5.072279e-01
169.INTNODE2434 1.378512e-03 5.780496e-04 9.758012e-01 2.224220e-02
176.INTNODE2434 7.725410e-07 3.716809e-10 9.999965e-01 2.765122e-06
201.INTNODE2434 9.396996e-02 1.444784e-01 2.430879e-05 7.615273e-01
238.INTNODE2434 1.651970e-03 4.903649e-02 5.567697e-01 3.925418e-01
488.INTNODE2434 3.087003e-02 1.969700e-01 8.257999e-06 7.721517e-01
60.INTNODE2435  2.729793e-02 2.290894e-01 2.973760e-02 7.138750e-01
171.INTNODE2435 6.057608e-04 7.746837e-02 4.209707e-01 5.009552e-01
202.INTNODE2435 6.398212e-03 1.185528e-01 3.061061e-01 5.689429e-01
206.INTNODE2435 1.226785e-02 1.344780e-01 1.271899e-01 7.260643e-01
232.INTNODE2435 4.587175e-02 2.026970e-01 8.048935e-02 6.709419e-01
261.INTNODE2435 7.137438e-02 2.209461e-01 4.072187e-06 7.076754e-01
[1] 0.0335323 0.2477555 0.1921090 0.5266033
[1] "model lnL"
[1] -2777.509
[1] "------------Step 5"
[1] "Running in group mode"
[1] "expon_lambda root  0.00146027457331136"
[1] "staring with p = " "0.2"              
[1] "precision_p  5.10631537053996e-11"
          p_root lambda_weib_root 
     1.757447034      0.002280246 
[1] "Running in group mode"
[1] "expon_lambda root  0.00137878770776979"
[1] "staring with p = " "0.2"              
[1] "precision_p  8.5265128291212e-14"
          p_root lambda_weib_root 
    0.7331589293     0.0009408957 
[1] "Running in group mode"
[1] "expon_lambda root  0.00882493285632238"
[1] "staring with p = " "0.2"              
[1] "precision_p  3.12638803734444e-13"
          p_root lambda_weib_root 
       0.7758278        0.0104487 
[1] "Running in group mode"
[1] "expon_lambda root  0.00216007188468696"
[1] "staring with p = " "0.2"              
[1] "precision_p  1.81614723260282e-11"
          p_root lambda_weib_root 
     0.654343742      0.001603036 
                        [,1]         [,2]         [,3]         [,4]
156.INTNODE1247 1.934768e-04 4.786256e-02 6.431671e-01 3.087768e-01
240.INTNODE1247 6.833217e-04 5.574333e-02 6.288373e-01 3.147361e-01
277.INTNODE1249 3.260524e-06 8.450546e-03 8.811842e-01 1.103620e-01
467.INTNODE1354 2.932531e-07 5.101757e-03 8.924220e-01 1.024760e-01
7.INTNODE1628   1.756102e-09 4.010545e-03 8.750208e-01 1.209686e-01
202.INTNODE1911 1.248166e-07 2.074001e-02 6.803559e-01 2.989039e-01
203.INTNODE2046 3.557704e-06 3.169187e-02 6.641081e-01 3.041965e-01
202.INTNODE2079 5.795403e-05 9.987769e-02 3.459819e-01 5.540825e-01
202.INTNODE2080 1.322740e-07 3.551851e-02 4.997285e-01 4.647529e-01
206.INTNODE2084 7.798371e-04 3.863874e-01 3.798399e-03 6.090343e-01
52.INTNODE2226  1.005359e-03 5.175241e-01 8.597587e-05 4.813846e-01
162.INTNODE2226 2.185581e-05 3.311471e-01 3.321780e-04 6.684989e-01
157.INTNODE2228 1.418560e-04 2.576864e-01 1.036765e-03 7.411350e-01
290.INTNODE2230 1.866997e-03 3.512922e-01 4.949730e-04 6.463458e-01
205.INTNODE2233 6.958492e-07 3.730148e-02 1.262461e-01 8.364518e-01
467.INTNODE2283 4.845921e-04 9.436424e-02 4.235095e-01 4.816416e-01
99.INTNODE2298  1.584856e-03 2.486656e-01 9.874871e-04 7.487621e-01
111.INTNODE2298 8.599759e-03 3.882309e-01 1.294273e-04 6.030399e-01
489.INTNODE2301 1.152339e-02 4.585510e-01 2.292819e-06 5.299233e-01
3.INTNODE2304   4.197657e-11 4.156145e-04 8.119946e-01 1.875898e-01
182.INTNODE2305 4.651669e-03 4.654539e-01 1.157906e-06 5.298932e-01
169.INTNODE2394 3.632730e-15 2.128048e-09 9.999812e-01 1.877685e-05
199.INTNODE2394 4.221894e-02 4.361802e-01 3.381663e-04 5.212627e-01
361.INTNODE2395 1.746064e-01 6.217354e-01 1.515379e-08 2.036582e-01
86.INTNODE2399  1.614658e-01 5.940025e-01 5.289641e-08 2.445317e-01
289.INTNODE2399 7.636011e-06 4.025554e-02 3.551682e-03 9.561851e-01
326.INTNODE2400 1.350957e-04 7.016845e-02 1.395444e-03 9.283010e-01
88.INTNODE2401  9.468117e-02 4.254267e-01 1.131055e-06 4.798910e-01
97.INTNODE2401  4.561467e-02 4.282603e-01 1.305271e-06 5.261237e-01
287.INTNODE2401 3.651974e-02 6.420324e-01 3.836033e-08 3.214478e-01
289.INTNODE2401 5.809824e-05 4.056879e-02 6.658894e-01 2.934837e-01
16.INTNODE2402  1.762282e-01 5.784812e-01 1.510392e-08 2.452905e-01
74.INTNODE2402  3.927821e-02 4.253792e-01 6.547230e-07 5.353420e-01
91.INTNODE2404  3.445689e-02 3.170580e-01 3.006761e-06 6.484821e-01
155.INTNODE2404 8.244242e-02 5.161908e-01 1.196008e-07 4.013666e-01
223.INTNODE2404 1.678729e-01 5.695356e-01 2.059148e-08 2.625915e-01
173.INTNODE2405 3.005871e-03 4.998319e-01 7.721436e-08 4.971621e-01
12.INTNODE2406  1.338011e-01 4.140790e-01 4.579812e-07 4.521194e-01
13.INTNODE2406  1.702483e-01 5.749253e-01 1.902937e-08 2.548264e-01
71.INTNODE2406  1.356500e-01 5.116285e-01 7.891558e-08 3.527215e-01
142.INTNODE2406 1.823567e-09 1.075184e-07 9.997316e-01 2.682480e-04
202.INTNODE2406 2.899277e-06 3.261041e-02 1.147559e-01 8.526308e-01
205.INTNODE2406 9.186356e-04 8.395397e-03 7.192820e-01 2.714040e-01
206.INTNODE2406 1.013749e-02 6.859492e-02 2.118348e-02 9.000841e-01
209.INTNODE2406 7.384063e-02 5.038964e-01 2.866285e-07 4.222626e-01
210.INTNODE2406 6.877397e-02 4.076885e-01 1.149213e-06 5.235364e-01
418.INTNODE2406 3.498637e-03 2.152809e-01 8.781708e-06 7.812117e-01
293.INTNODE2415 7.264468e-02 2.938715e-01 7.352753e-06 6.334765e-01
138.INTNODE2416 4.608037e-03 2.046556e-01 9.559963e-06 7.907268e-01
240.INTNODE2421 1.704186e-03 4.932711e-01 5.093057e-08 5.050247e-01
238.INTNODE2422 2.453434e-27 5.468334e-19 1.000000e+00 4.041127e-12
269.INTNODE2423 7.867780e-02 4.231644e-01 3.959156e-06 4.981538e-01
311.INTNODE2423 1.259911e-01 5.059428e-01 6.708101e-08 3.680661e-01
73.INTNODE2425  1.044900e-03 4.658049e-01 6.171400e-08 5.331501e-01
151.INTNODE2425 9.259329e-06 1.380267e-01 4.092851e-06 8.619600e-01
207.INTNODE2425 5.845299e-02 2.652133e-01 3.111866e-02 6.452150e-01
145.INTNODE2426 1.042197e-02 2.772754e-01 4.097956e-06 7.122986e-01
178.INTNODE2426 1.350628e-01 1.070907e-01 2.375463e-04 7.576090e-01
88.INTNODE2428  1.379032e-03 1.189124e-01 1.903491e-01 6.893595e-01
111.INTNODE2428 4.153760e-02 6.001395e-02 1.622580e-01 7.361905e-01
155.INTNODE2428 1.236187e-02 1.528629e-01 2.611685e-01 5.736067e-01
470.INTNODE2428 7.985102e-02 4.909671e-01 1.455042e-07 4.291817e-01
4.INTNODE2429   8.208685e-03 6.156650e-01 9.677331e-09 3.761263e-01
13.INTNODE2429  2.004891e-03 9.065990e-02 3.658301e-01 5.415052e-01
90.INTNODE2429  3.323211e-03 3.476951e-01 8.602660e-07 6.489808e-01
113.INTNODE2429 2.155047e-01 7.355110e-02 5.188248e-04 7.104254e-01
145.INTNODE2429 1.797049e-03 8.412109e-02 5.003098e-01 4.137720e-01
171.INTNODE2429 1.432895e-04 1.657320e-01 3.963147e-06 8.341207e-01
179.INTNODE2429 4.214504e-03 1.785939e-01 3.156866e-05 8.171600e-01
184.INTNODE2429 6.954170e-04 2.546487e-01 1.249593e-06 7.446546e-01
186.INTNODE2429 1.498609e-01 1.596999e-01 3.409256e-05 6.904051e-01
202.INTNODE2429 6.819487e-04 2.716869e-02 7.161372e-01 2.560122e-01
205.INTNODE2429 1.333571e-03 5.689469e-02 5.641252e-01 3.776466e-01
289.INTNODE2429 6.170794e-02 2.410709e-01 5.435526e-02 6.428660e-01
415.INTNODE2429 1.711539e-02 4.162917e-01 2.180312e-07 5.665927e-01
113.INTNODE2433 1.285364e-04 4.642795e-02 6.441515e-01 3.092920e-01
292.INTNODE2433 2.106508e-02 6.234345e-01 1.087696e-08 3.555005e-01
78.INTNODE2434  1.382529e-02 5.024076e-01 8.529155e-08 4.837670e-01
85.INTNODE2434  8.285369e-02 4.061236e-01 3.915378e-07 5.110223e-01
169.INTNODE2434 1.802398e-03 4.650062e-04 9.847201e-01 1.301246e-02
176.INTNODE2434 2.195097e-06 3.324867e-10 9.999966e-01 1.170834e-06
201.INTNODE2434 1.069536e-01 1.593225e-01 4.435969e-05 7.336795e-01
238.INTNODE2434 1.826808e-03 4.701577e-02 6.415309e-01 3.096266e-01
488.INTNODE2434 3.154672e-02 2.150663e-01 1.465499e-05 7.533723e-01
60.INTNODE2435  3.197728e-02 2.433552e-01 4.410355e-02 6.805640e-01
171.INTNODE2435 6.497173e-04 7.889099e-02 4.947139e-01 4.257454e-01
202.INTNODE2435 7.139396e-03 1.189213e-01 3.831523e-01 4.907869e-01
206.INTNODE2435 1.508016e-02 1.433239e-01 1.797614e-01 6.618346e-01
232.INTNODE2435 5.430632e-02 2.101801e-01 1.147135e-01 6.208000e-01
261.INTNODE2435 6.808858e-02 2.378503e-01 7.276919e-06 6.940538e-01
[1] 0.03571835 0.25033193 0.21487745 0.49907227
[1] "model lnL"
[1] -2776.804
[1] "------------Step 6"
[1] "Running in group mode"
[1] "expon_lambda root  0.00153886451639889"
[1] "staring with p = " "0.2"              
[1] "precision_p  8.98978669283679e-11"
          p_root lambda_weib_root 
     1.796892883      0.002378296 
[1] "Running in group mode"
[1] "expon_lambda root  0.0014020060110229"
[1] "staring with p = " "0.2"              
[1] "precision_p  1.4210854715202e-14"
          p_root lambda_weib_root 
    0.7303173383     0.0009594079 
[1] "Running in group mode"
[1] "expon_lambda root  0.00874173492584145"
[1] "staring with p = " "0.2"              
[1] "precision_p  5.6843418860808e-13"
          p_root lambda_weib_root 
      0.78009996       0.01021256 
[1] "Running in group mode"
[1] "expon_lambda root  0.00209693808540976"
[1] "staring with p = " "0.2"              
[1] "precision_p  2.18562945519807e-11"
          p_root lambda_weib_root 
     0.658294613      0.001542243 
                        [,1]         [,2]         [,3]         [,4]
156.INTNODE1247 1.957645e-04 4.935533e-02 6.826384e-01 2.678106e-01
240.INTNODE1247 7.100938e-04 5.648216e-02 6.708500e-01 2.719577e-01
277.INTNODE1249 3.206077e-06 8.975527e-03 8.991839e-01 9.183737e-02
467.INTNODE1354 2.764451e-07 5.427563e-03 9.125123e-01 8.205991e-02
7.INTNODE1628   1.435443e-09 4.499630e-03 8.972128e-01 9.828758e-02
202.INTNODE1911 1.055900e-07 2.246459e-02 7.247931e-01 2.527422e-01
203.INTNODE2046 3.292691e-06 3.447903e-02 6.982206e-01 2.672970e-01
202.INTNODE2079 5.480045e-05 1.044170e-01 3.975021e-01 4.980261e-01
202.INTNODE2080 1.109241e-07 3.896385e-02 5.583598e-01 4.026763e-01
206.INTNODE2084 7.315707e-04 3.868024e-01 5.822021e-03 6.066440e-01
52.INTNODE2226  9.320976e-04 5.018229e-01 1.631920e-04 4.970818e-01
162.INTNODE2226 1.908584e-05 3.343342e-01 6.087868e-04 6.650380e-01
157.INTNODE2228 1.406670e-04 2.697313e-01 1.735142e-03 7.283929e-01
290.INTNODE2230 1.901288e-03 3.563849e-01 7.995934e-04 6.409143e-01
205.INTNODE2233 7.742379e-07 4.494291e-02 1.904837e-01 7.645726e-01
467.INTNODE2283 4.911457e-04 9.678374e-02 4.758020e-01 4.269231e-01
99.INTNODE2298  1.749873e-03 2.627321e-01 1.573844e-03 7.339442e-01
111.INTNODE2298 9.139033e-03 3.897741e-01 2.103533e-04 6.008765e-01
489.INTNODE2301 1.222769e-02 4.506988e-01 4.261458e-06 5.370693e-01
3.INTNODE2304   3.923637e-11 4.142253e-04 8.939059e-01 1.056799e-01
182.INTNODE2305 4.732305e-03 4.570799e-01 2.174783e-06 5.381856e-01
169.INTNODE2394 5.379891e-15 2.349551e-09 9.999913e-01 8.682403e-06
199.INTNODE2394 4.546609e-02 4.311273e-01 5.209525e-04 5.228857e-01
361.INTNODE2395 1.816014e-01 5.916575e-01 3.049164e-08 2.267410e-01
86.INTNODE2399  1.679059e-01 5.664320e-01 9.978990e-08 2.656620e-01
289.INTNODE2399 1.039883e-05 5.235929e-02 6.368867e-03 9.412614e-01
326.INTNODE2400 1.826021e-04 8.600071e-02 2.431252e-03 9.113854e-01
88.INTNODE2401  1.057485e-01 4.142682e-01 1.970896e-06 4.799814e-01
97.INTNODE2401  5.007232e-02 4.220228e-01 2.270436e-06 5.279026e-01
287.INTNODE2401 3.557869e-02 6.189663e-01 6.967907e-08 3.454550e-01
289.INTNODE2401 5.710253e-05 4.234378e-02 7.029084e-01 2.546907e-01
