[1] "------------Step 1"
[1] "Running in group mode"
[1] "expon_lambda root  0.00182068170686894"
[1] "staring with p = " "0.2"              
[1] "precision_p  3.69482222595252e-13"
          p_root lambda_weib_root 
      0.76167620       0.00144452 
[1] "Running in group mode"
[1] "expon_lambda root  0.000743463703910468"
[1] "staring with p = " "0.2"              
[1] "precision_p  5.94280885835019e-07"
          p_root lambda_weib_root 
    0.8669665117     0.0005859445 
[1] "Running in group mode"
[1] "expon_lambda root  0.00856501276759667"
[1] "staring with p = " "0.2"              
[1] "precision_p  2.55795384873636e-13"
          p_root lambda_weib_root 
     0.810891374      0.009352674 
                        [,1]         [,2]         [,3]
156.INTNODE1247 1.183395e-01 8.110397e-04 8.808495e-01
240.INTNODE1247 1.325136e-01 9.406726e-04 8.665457e-01
277.INTNODE1249 2.306927e-02 7.417772e-06 9.769233e-01
467.INTNODE1354 1.213462e-02 2.457494e-07 9.878651e-01
7.INTNODE1628   7.391658e-03 1.306801e-07 9.926082e-01
202.INTNODE1911 3.411132e-02 1.223446e-05 9.658764e-01
203.INTNODE2046 8.133305e-02 4.978316e-04 9.181691e-01
202.INTNODE2079 1.811512e-01 1.422173e-03 8.174266e-01
202.INTNODE2080 5.378731e-02 2.195214e-05 9.461907e-01
206.INTNODE2084 8.339537e-01 1.569013e-02 1.503562e-01
52.INTNODE2226  9.766599e-01 2.465292e-03 2.087485e-02
162.INTNODE2226 9.098866e-01 1.139677e-04 8.999948e-02
157.INTNODE2228 9.287249e-01 1.246809e-04 7.115044e-02
290.INTNODE2230 9.798838e-01 2.596218e-03 1.751996e-02
205.INTNODE2233 1.083491e-01 1.738829e-09 8.916509e-01
467.INTNODE2283 1.944623e-01 1.563368e-03 8.039744e-01
99.INTNODE2298  9.815215e-01 1.934171e-04 1.828512e-02
111.INTNODE2298 9.930714e-01 4.530464e-03 2.398178e-03
489.INTNODE2301 9.989716e-01 9.776202e-04 5.075274e-05
3.INTNODE2304   1.660030e-03 1.131240e-19 9.983400e-01
182.INTNODE2305 9.988132e-01 1.159753e-03 2.702621e-05
169.INTNODE2394 1.090129e-07 7.401623e-33 9.999999e-01
199.INTNODE2394 9.474580e-01 4.815075e-02 4.391241e-03
361.INTNODE2395 5.879617e-01 4.120382e-01 1.726043e-07
86.INTNODE2399  6.306706e-01 3.693290e-01 3.587492e-07
289.INTNODE2399 9.568362e-01 3.568895e-10 4.316384e-02
326.INTNODE2400 9.914497e-01 7.704383e-09 8.550261e-03
88.INTNODE2401  9.980493e-01 1.946713e-03 3.994993e-06
97.INTNODE2401  9.981194e-01 1.876039e-03 4.579602e-06
287.INTNODE2401 5.579868e-01 4.420131e-01 1.042900e-07
289.INTNODE2401 9.691158e-02 6.250043e-04 9.024634e-01
16.INTNODE2402  4.309186e-01 5.690814e-01 1.225286e-08
74.INTNODE2402  9.969973e-01 3.001877e-03 8.061280e-07
91.INTNODE2404  9.998255e-01 1.722580e-04 2.213107e-06
155.INTNODE2404 9.354131e-01 6.458681e-02 1.015352e-07
223.INTNODE2404 4.188480e-01 5.811520e-01 9.927889e-09
173.INTNODE2405 9.291185e-01 7.088141e-02 6.983627e-08
12.INTNODE2406  9.962568e-01 3.742840e-03 3.563807e-07
13.INTNODE2406  4.139999e-01 5.860001e-01 9.117590e-09
71.INTNODE2406  9.281109e-01 7.188899e-02 6.596131e-08
142.INTNODE2406 8.931763e-05 4.981068e-28 9.999107e-01
202.INTNODE2406 5.417237e-01 1.612079e-08 4.582763e-01
205.INTNODE2406 1.081893e-01 9.816621e-12 8.918107e-01
206.INTNODE2406 9.664375e-01 5.145578e-09 3.356253e-02
209.INTNODE2406 9.498303e-01 5.016940e-02 2.766354e-07
210.INTNODE2406 9.971414e-01 2.857600e-03 9.671824e-07
418.INTNODE2406 9.999836e-01 9.535954e-06 6.849207e-06
293.INTNODE2415 9.998178e-01 1.802934e-04 1.870844e-06
138.INTNODE2416 9.999847e-01 1.336074e-05 1.977106e-06
240.INTNODE2421 8.950906e-01 1.049094e-01 1.383003e-08
238.INTNODE2422 1.746826e-13 7.809537e-55 1.000000e+00
269.INTNODE2423 9.678427e-01 3.215576e-02 1.555398e-06
311.INTNODE2423 8.945542e-01 1.054458e-01 1.353451e-08
73.INTNODE2425  8.916520e-01 1.083480e-01 1.206119e-08
151.INTNODE2425 9.999835e-01 1.523232e-05 1.219734e-06
207.INTNODE2425 8.870777e-01 1.930061e-02 9.362166e-02
145.INTNODE2426 9.997438e-01 2.557273e-04 5.159815e-07
178.INTNODE2426 9.999773e-01 3.899579e-08 2.263011e-05
88.INTNODE2428  5.500679e-01 5.164709e-04 4.494157e-01
111.INTNODE2428 8.783379e-01 4.271434e-08 1.216621e-01
155.INTNODE2428 4.467289e-01 4.993845e-03 5.482773e-01
470.INTNODE2428 8.958908e-01 1.041092e-01 1.428537e-08
4.INTNODE2429   2.165214e-01 7.834786e-01 1.501725e-10
13.INTNODE2429  3.020167e-01 2.138574e-04 6.977695e-01
90.INTNODE2429  9.938632e-01 6.136713e-03 5.700244e-08
113.INTNODE2429 9.999766e-01 2.905835e-09 2.341456e-05
145.INTNODE2429 2.044950e-01 1.672380e-03 7.938326e-01
171.INTNODE2429 9.999769e-01 2.287427e-05 2.727025e-07
179.INTNODE2429 9.999849e-01 1.275305e-05 2.346991e-06
184.INTNODE2429 9.995741e-01 4.258520e-04 7.875968e-08
186.INTNODE2429 9.999974e-01 1.074226e-06 1.546082e-06
202.INTNODE2429 8.635406e-02 3.042869e-06 9.136429e-01
205.INTNODE2429 1.654781e-01 9.480442e-05 8.344271e-01
289.INTNODE2429 8.410435e-01 1.608115e-02 1.428753e-01
415.INTNODE2429 9.905319e-01 9.468132e-03 1.135589e-08
113.INTNODE2433 1.108915e-01 7.449830e-04 8.883636e-01
292.INTNODE2433 1.804792e-01 8.195208e-01 5.422872e-11
78.INTNODE2434  8.299437e-01 1.700563e-01 1.637671e-09
85.INTNODE2434  9.894504e-01 1.054961e-02 7.584784e-09
169.INTNODE2434 9.894881e-03 6.062328e-12 9.901051e-01
176.INTNODE2434 5.116240e-05 1.043425e-31 9.999488e-01
201.INTNODE2434 9.999980e-01 1.317652e-06 7.284944e-07
238.INTNODE2434 1.351711e-01 7.259662e-05 8.647563e-01
488.INTNODE2434 9.999763e-01 2.344628e-05 2.489821e-07
60.INTNODE2435  8.828635e-01 1.893713e-02 9.819937e-02
171.INTNODE2435 1.922839e-01 1.539992e-03 8.061761e-01
202.INTNODE2435 3.061842e-01 2.901248e-03 6.909145e-01
206.INTNODE2435 6.659565e-01 7.142275e-04 3.333293e-01
232.INTNODE2435 7.233731e-01 1.122260e-02 2.654043e-01
261.INTNODE2435 9.999658e-01 3.415474e-05 6.226319e-08
[1] 0.6340129 0.0627425 0.3032446
[1] "model lnL"
[1] -2790.975
[1] "------------Step 2"
[1] "Running in group mode"
[1] "expon_lambda root  0.00176583793846503"
[1] "staring with p = " "0.2"              
[1] "precision_p  5.96855898038484e-13"
          p_root lambda_weib_root 
     0.763028494      0.001390789 
[1] "Running in group mode"
[1] "expon_lambda root  0.000969421023190566"
[1] "staring with p = " "0.2"              
[1] "precision_p  5.87178661248799e-09"
          p_root lambda_weib_root 
    0.7529980197     0.0006501215 
[1] "Running in group mode"
[1] "expon_lambda root  0.0084386070488771"
[1] "staring with p = " "0.2"              
[1] "precision_p  1.98951966012828e-13"
          p_root lambda_weib_root 
      0.81195037       0.00917585 
                        [,1]         [,2]         [,3]
156.INTNODE1247 1.312435e-01 2.335292e-03 8.664212e-01
240.INTNODE1247 1.460833e-01 2.651666e-03 8.512650e-01
277.INTNODE1249 2.504038e-02 1.754922e-04 9.747841e-01
467.INTNODE1354 1.223910e-02 3.992393e-05 9.877210e-01
7.INTNODE1628   7.592241e-03 2.292999e-05 9.923848e-01
202.INTNODE1911 3.646664e-02 2.719022e-04 9.632615e-01
203.INTNODE2046 9.192992e-02 1.534208e-03 9.065359e-01
202.INTNODE2079 1.962655e-01 3.771873e-03 7.999626e-01
202.INTNODE2080 5.647670e-02 4.531048e-04 9.430702e-01
206.INTNODE2084 8.232336e-01 2.596796e-02 1.507985e-01
52.INTNODE2226  9.537730e-01 2.149925e-02 2.472772e-02
162.INTNODE2226 8.814732e-01 8.078704e-03 1.104481e-01
157.INTNODE2228 9.029423e-01 8.607329e-03 8.845037e-02
290.INTNODE2230 9.569389e-01 2.217135e-02 2.088974e-02
205.INTNODE2233 7.721863e-02 4.886678e-05 9.227325e-01
467.INTNODE2283 2.098254e-01 4.087135e-03 7.860875e-01
99.INTNODE2298  9.643828e-01 1.142772e-02 2.418945e-02
111.INTNODE2298 9.664629e-01 3.047140e-02 3.065721e-03
489.INTNODE2301 9.713611e-01 2.855651e-02 8.243733e-05
3.INTNODE2304   6.678212e-04 2.089144e-09 9.993322e-01
182.INTNODE2305 9.685815e-01 3.137367e-02 4.479887e-05
169.INTNODE2394 3.107476e-08 2.112411e-16 1.000000e+00
199.INTNODE2394 9.426911e-01 5.223472e-02 5.074145e-03
361.INTNODE2395 8.030317e-01 1.969679e-01 3.897100e-07
86.INTNODE2399  8.186379e-01 1.813614e-01 7.514388e-07
289.INTNODE2399 9.115708e-01 3.405115e-04 8.808873e-02
326.INTNODE2400 9.816383e-01 9.190211e-04 1.744269e-02
88.INTNODE2401  9.583381e-01 4.165484e-02 7.031138e-06
97.INTNODE2401  9.591677e-01 4.082428e-02 8.026337e-06
287.INTNODE2401 7.918102e-01 2.081896e-01 2.487183e-07
289.INTNODE2401 1.085894e-01 1.866724e-03 8.895439e-01
16.INTNODE2402  7.400255e-01 2.599745e-01 3.788135e-08
74.INTNODE2402  9.473305e-01 5.266806e-02 1.488422e-06
91.INTNODE2404  9.760750e-01 2.392052e-02 4.469314e-06
155.INTNODE2404 8.717400e-01 1.282599e-01 1.791544e-07
223.INTNODE2404 7.346010e-01 2.653989e-01 3.155554e-08
173.INTNODE2405 8.652827e-01 1.347172e-01 1.248029e-07
12.INTNODE2406  9.407065e-01 5.929283e-02 6.736699e-07
13.INTNODE2406  7.323900e-01 2.676100e-01 2.930972e-08
71.INTNODE2406  8.642750e-01 1.357249e-01 1.181100e-07
142.INTNODE2406 2.201014e-05 8.162048e-13 9.999780e-01
202.INTNODE2406 4.281352e-01 3.845185e-04 5.714803e-01
205.INTNODE2406 6.410571e-02 1.074417e-05 9.358835e-01
206.INTNODE2406 9.356636e-01 7.069613e-04 6.362940e-02
209.INTNODE2406 8.877853e-01 1.122142e-01 4.722166e-07
210.INTNODE2406 9.487102e-01 5.128801e-02 1.776285e-06
418.INTNODE2406 9.894956e-01 1.048953e-02 1.485808e-05
293.INTNODE2415 9.754645e-01 2.453166e-02 3.799028e-06
138.INTNODE2416 9.873236e-01 1.267189e-02 4.478228e-06
240.INTNODE2421 8.343018e-01 1.656981e-01 2.620778e-08
238.INTNODE2422 2.228598e-14 3.457022e-27 1.000000e+00
269.INTNODE2423 9.114229e-01 8.857461e-02 2.513249e-06
311.INTNODE2423 8.338546e-01 1.661454e-01 2.566907e-08
73.INTNODE2425  8.314530e-01 1.685470e-01 2.297699e-08
151.INTNODE2425 9.863608e-01 1.363635e-02 2.809181e-06
207.INTNODE2425 8.744320e-01 2.995228e-02 9.561576e-02
145.INTNODE2426 9.702494e-01 2.974949e-02 1.092455e-06
178.INTNODE2426 9.976113e-01 2.330896e-03 5.779369e-05
88.INTNODE2428  5.317956e-01 6.842542e-03 4.613618e-01
111.INTNODE2428 8.099291e-01 9.609866e-04 1.891099e-01
155.INTNODE2428 4.574413e-01 1.074150e-02 5.318172e-01
470.INTNODE2428 8.349709e-01 1.650291e-01 2.703703e-08
4.INTNODE2429   6.164807e-01 3.835193e-01 8.815563e-10
13.INTNODE2429  2.964859e-01 3.250903e-03 7.002632e-01
90.INTNODE2429  9.229022e-01 7.709766e-02 1.132944e-07
113.INTNODE2429 9.987392e-01 1.194768e-03 6.603432e-05
145.INTNODE2429 2.200017e-01 4.327105e-03 7.756712e-01
171.INTNODE2429 9.828881e-01 1.711125e-02 6.610533e-07
179.INTNODE2429 9.876488e-01 1.234590e-02 5.284578e-06
184.INTNODE2429 9.606647e-01 3.933510e-02 1.768678e-07
186.INTNODE2429 9.931822e-01 6.813873e-03 3.925664e-06
202.INTNODE2429 8.127211e-02 3.629090e-04 9.183650e-01
205.INTNODE2429 1.661187e-01 1.615309e-03 8.322660e-01
289.INTNODE2429 8.300088e-01 2.642251e-02 1.435687e-01
415.INTNODE2429 9.033217e-01 9.667826e-02 2.350819e-08
113.INTNODE2433 1.234009e-01 2.171047e-03 8.744281e-01
292.INTNODE2433 5.856253e-01 4.143747e-01 3.740519e-10
78.INTNODE2434  7.857888e-01 2.142112e-01 3.398437e-09
85.INTNODE2434  8.977756e-01 1.022244e-01 1.585352e-08
169.INTNODE2434 6.780709e-03 1.503698e-06 9.932178e-01
176.INTNODE2434 9.550934e-06 4.432240e-14 9.999904e-01
201.INTNODE2434 9.923541e-01 7.644049e-03 1.899681e-06
238.INTNODE2434 1.367862e-01 1.282251e-03 8.619315e-01
488.INTNODE2434 9.826510e-01 1.734838e-02 6.054166e-07
60.INTNODE2435  8.703241e-01 2.957169e-02 1.001042e-01
171.INTNODE2435 2.076109e-01 4.035297e-03 7.883538e-01
202.INTNODE2435 3.213480e-01 6.870746e-03 6.717812e-01
206.INTNODE2435 6.431037e-01 8.922814e-03 3.479735e-01
232.INTNODE2435 7.186505e-01 2.032113e-02 2.610284e-01
261.INTNODE2435 9.786152e-01 2.138463e-02 1.586061e-07
[1] 0.64032409 0.05373796 0.30593795
[1] "model lnL"
[1] -2790.074
[1] "------------Step 3"
[1] "Running in group mode"
[1] "expon_lambda root  0.00173957509452657"
[1] "staring with p = " "0.2"              
[1] "precision_p  9.9475983006414e-13"
          p_root lambda_weib_root 
     0.762699141      0.001365333 
[1] "Running in group mode"
[1] "expon_lambda root  0.00109389276721116"
[1] "staring with p = " "0.2"              
[1] "precision_p  2.35342412224782e-09"
          p_root lambda_weib_root 
    0.7408099100     0.0007404917 
[1] "Running in group mode"
[1] "expon_lambda root  0.00837077382268067"
[1] "staring with p = " "0.2"              
[1] "precision_p  2.27373675443232e-13"
          p_root lambda_weib_root 
     0.813529171      0.009070711 
                        [,1]         [,2]         [,3]
156.INTNODE1247 1.271273e-01 3.399813e-03 8.694729e-01
240.INTNODE1247 1.413975e-01 3.837572e-03 8.547650e-01
277.INTNODE1249 2.387457e-02 3.412921e-04 9.757841e-01
467.INTNODE1354 1.138535e-02 9.842895e-05 9.885162e-01
7.INTNODE1628   7.096446e-03 5.795450e-05 9.928456e-01
202.INTNODE1911 3.464707e-02 5.184959e-04 9.648344e-01
203.INTNODE2046 8.929840e-02 2.277613e-03 9.084240e-01
202.INTNODE2079 1.896566e-01 5.369261e-03 8.049741e-01
202.INTNODE2080 5.345959e-02 8.445477e-04 9.456959e-01
206.INTNODE2084 8.077745e-01 3.298687e-02 1.592386e-01
52.INTNODE2226  9.404468e-01 3.188829e-02 2.766490e-02
162.INTNODE2226 8.598929e-01 1.595583e-02 1.241512e-01
157.INTNODE2228 8.831792e-01 1.687130e-02 9.994945e-02
290.INTNODE2230 9.439151e-01 3.266253e-02 2.342234e-02
205.INTNODE2233 6.472234e-02 2.007754e-04 9.350769e-01
467.INTNODE2283 2.027036e-01 5.796042e-03 7.915003e-01
99.INTNODE2298  9.507176e-01 2.133138e-02 2.795103e-02
111.INTNODE2298 9.549865e-01 4.149882e-02 3.514647e-03
489.INTNODE2301 9.578258e-01 4.207297e-02 1.012080e-04
3.INTNODE2304   4.643403e-04 4.401517e-08 9.995356e-01
182.INTNODE2305 9.548841e-01 4.506055e-02 5.534312e-05
169.INTNODE2394 1.917502e-08 3.024862e-14 1.000000e+00
199.INTNODE2394 9.363735e-01 5.799560e-02 5.630945e-03
361.INTNODE2395 8.431417e-01 1.568578e-01 5.046244e-07
86.INTNODE2399  8.528398e-01 1.471592e-01 9.589393e-07
289.INTNODE2399 8.822173e-01 2.100122e-03 1.156826e-01
326.INTNODE2400 9.725894e-01 4.290159e-03 2.312044e-02
88.INTNODE2401  9.445905e-01 5.540060e-02 8.855581e-06
97.INTNODE2401  9.453965e-01 5.459341e-02 1.009479e-05
287.INTNODE2401 8.362278e-01 1.637719e-01 3.254428e-07
289.INTNODE2401 1.053353e-01 2.746134e-03 8.919186e-01
16.INTNODE2402  8.047404e-01 1.952595e-01 5.203053e-08
74.INTNODE2402  9.342664e-01 6.573173e-02 1.906617e-06
91.INTNODE2404  9.607275e-01 3.926663e-02 5.833895e-06
155.INTNODE2404 8.804980e-01 1.195018e-01 2.325674e-07
223.INTNODE2404 8.014662e-01 1.985338e-01 4.356533e-08
173.INTNODE2405 8.760281e-01 1.239718e-01 1.630033e-07
12.INTNODE2406  9.283347e-01 7.166447e-02 8.707358e-07
13.INTNODE2406  8.001322e-01 1.998677e-01 4.054983e-08
71.INTNODE2406  8.753345e-01 1.246654e-01 1.544076e-07
142.INTNODE2406 1.308198e-05 6.795838e-11 9.999869e-01
202.INTNODE2406 3.765302e-01 1.513097e-03 6.219567e-01
205.INTNODE2406 5.054511e-02 6.652943e-05 9.493884e-01
206.INTNODE2406 9.145303e-01 3.442801e-03 8.202686e-02
209.INTNODE2406 8.918178e-01 1.081816e-01 6.035416e-07
210.INTNODE2406 9.355263e-01 6.447146e-02 2.270886e-06
418.INTNODE2406 9.771016e-01 2.287859e-02 1.984165e-05
293.INTNODE2415 9.600009e-01 3.999412e-02 4.966830e-06
138.INTNODE2416 9.737323e-01 2.626169e-02 6.049119e-06
240.INTNODE2421 8.551222e-01 1.448778e-01 3.521848e-08
238.INTNODE2422 1.052097e-14 1.383952e-23 1.000000e+00
269.INTNODE2423 9.091865e-01 9.081038e-02 3.134607e-06
311.INTNODE2423 8.548260e-01 1.451740e-01 3.450851e-08
73.INTNODE2425  8.532375e-01 1.467625e-01 3.095646e-08
151.INTNODE2425 9.722920e-01 2.770420e-02 3.811456e-06
207.INTNODE2425 8.607896e-01 3.736008e-02 1.018503e-01
145.INTNODE2426 9.539828e-01 4.601579e-02 1.445859e-06
178.INTNODE2426 9.913201e-01 8.598237e-03 8.164388e-05
88.INTNODE2428  5.074165e-01 1.136662e-02 4.812169e-01
111.INTNODE2428 7.696620e-01 3.799942e-03 2.265381e-01
155.INTNODE2428 4.425380e-01 1.452883e-02 5.429332e-01
470.INTNODE2428 8.555656e-01 1.444343e-01 3.631085e-08
4.INTNODE2429   7.298164e-01 2.701836e-01 1.369163e-09
13.INTNODE2429  2.797600e-01 5.567871e-03 7.146722e-01
90.INTNODE2429  9.131829e-01 8.681696e-02 1.495983e-07
113.INTNODE2429 9.943072e-01 5.596447e-03 9.637877e-05
145.INTNODE2429 2.124982e-01 6.119814e-03 7.813819e-01
171.INTNODE2429 9.673151e-01 3.268399e-02 9.092882e-07
179.INTNODE2429 9.742256e-01 2.576728e-02 7.127082e-06
184.INTNODE2429 9.436312e-01 5.636860e-02 2.383905e-07
186.INTNODE2429 9.822471e-01 1.774743e-02 5.499289e-06
202.INTNODE2429 7.449249e-02 8.122936e-04 9.246952e-01
205.INTNODE2429 1.563966e-01 2.848166e-03 8.407553e-01
289.INTNODE2429 8.147457e-01 3.349755e-02 1.517567e-01
415.INTNODE2429 8.975191e-01 1.024809e-01 3.168726e-08
113.INTNODE2433 1.195845e-01 3.171460e-03 8.772440e-01
292.INTNODE2433 7.106451e-01 2.893549e-01 6.006061e-10
78.INTNODE2434  8.236402e-01 1.763598e-01 4.769617e-09
85.INTNODE2434  8.932297e-01 1.067703e-01 2.148682e-08
169.INTNODE2434 5.583969e-03 8.492703e-06 9.944075e-01
176.INTNODE2434 5.200644e-06 7.010247e-12 9.999948e-01
201.INTNODE2434 9.806941e-01 1.930324e-02 2.679724e-06
238.INTNODE2434 1.288232e-01 2.283348e-03 8.688935e-01
488.INTNODE2434 9.669863e-01 3.301291e-02 8.334520e-07
60.INTNODE2435  8.565033e-01 3.695266e-02 1.065440e-01
171.INTNODE2435 2.005726e-01 5.725981e-03 7.937014e-01
202.INTNODE2435 3.102680e-01 9.504419e-03 6.802275e-01
206.INTNODE2435 6.179929e-01 1.463733e-02 3.673698e-01
232.INTNODE2435 7.013968e-01 2.641849e-02 2.721847e-01
261.INTNODE2435 9.615648e-01 3.843494e-02 2.211288e-07
[1] 0.63892289 0.05092355 0.31015356
[1] "model lnL"
[1] -2789.852
[1] "------------Step 4"
[1] "Running in group mode"
[1] "expon_lambda root  0.0017242023433745"
[1] "staring with p = " "0.2"              
[1] "precision_p  3.97903932025656e-13"
          p_root lambda_weib_root 
      0.76265837       0.00135077 
[1] "Running in group mode"
[1] "expon_lambda root  0.00117589994732755"
[1] "staring with p = " "0.2"              
[1] "precision_p  1.27982957565109e-09"
          p_root lambda_weib_root 
    0.7390019807     0.0008093969 
[1] "Running in group mode"
[1] "expon_lambda root  0.00832820079718201"
[1] "staring with p = " "0.2"              
[1] "precision_p  3.41060513164848e-13"
          p_root lambda_weib_root 
     0.814712600      0.009003642 
                        [,1]         [,2]         [,3]
156.INTNODE1247 1.234707e-01 4.071237e-03 8.724581e-01
240.INTNODE1247 1.372930e-01 4.581403e-03 8.581256e-01
277.INTNODE1249 2.299895e-02 4.666682e-04 9.765344e-01
467.INTNODE1354 1.083449e-02 1.495239e-04 9.890160e-01
7.INTNODE1628   6.771779e-03 8.923912e-05 9.931390e-01
202.INTNODE1911 3.331087e-02 7.014715e-04 9.659877e-01
203.INTNODE2046 8.683641e-02 2.755368e-03 9.104082e-01
202.INTNODE2079 1.840718e-01 6.356228e-03 8.095720e-01
202.INTNODE2080 5.129346e-02 1.128637e-03 9.475779e-01
206.INTNODE2084 7.970090e-01 3.703966e-02 1.659513e-01
52.INTNODE2226  9.321053e-01 3.809576e-02 2.979892e-02
162.INTNODE2226 8.448762e-01 2.165781e-02 1.334660e-01
157.INTNODE2228 8.693710e-01 2.281717e-02 1.078119e-01
290.INTNODE2230 9.358519e-01 3.888386e-02 2.526419e-02
205.INTNODE2233 5.829557e-02 3.747116e-04 9.413297e-01
467.INTNODE2283 1.967310e-01 6.848419e-03 7.964206e-01
99.INTNODE2298  9.412739e-01 2.814601e-02 3.058011e-02
111.INTNODE2298 9.487416e-01 4.741429e-02 3.844119e-03
489.INTNODE2301 9.508674e-01 4.901758e-02 1.149882e-04
3.INTNODE2304   3.814659e-04 1.694686e-07 9.996184e-01
182.INTNODE2305 9.481357e-01 5.180120e-02 6.312675e-05
169.INTNODE2394 1.492763e-08 2.800519e-13 1.000000e+00
199.INTNODE2394 9.331550e-01 6.078764e-02 6.057414e-03
361.INTNODE2395 8.628888e-01 1.371106e-01 5.904132e-07
86.INTNODE2399  8.699488e-01 1.300501e-01 1.113896e-06
289.INTNODE2399 8.609940e-01 4.668672e-03 1.343373e-01
326.INTNODE2400 9.644505e-01 8.432777e-03 2.711667e-02
88.INTNODE2401  9.388109e-01 6.117883e-02 1.022611e-05
97.INTNODE2401  9.395288e-01 6.045956e-02 1.164663e-05
287.INTNODE2401 8.578868e-01 1.421128e-01 3.827173e-07
289.INTNODE2401 1.023668e-01 3.306346e-03 8.943269e-01
16.INTNODE2402  8.353683e-01 1.646316e-01 6.260873e-08
74.INTNODE2402  9.297753e-01 7.022248e-02 2.225638e-06
91.INTNODE2404  9.526276e-01 4.736553e-02 6.852511e-06
155.INTNODE2404 8.882396e-01 1.117601e-01 2.741145e-07
223.INTNODE2404 8.330465e-01 1.669534e-01 5.254712e-08
173.INTNODE2405 8.848301e-01 1.151697e-01 1.927824e-07
12.INTNODE2406  9.247035e-01 7.529552e-02 1.022284e-06
13.INTNODE2406  8.321015e-01 1.678984e-01 4.895726e-08
71.INTNODE2406  8.843027e-01 1.156971e-01 1.827129e-07
142.INTNODE2406 9.942816e-06 4.794188e-10 9.999901e-01
202.INTNODE2406 3.473165e-01 2.753736e-03 6.499297e-01
205.INTNODE2406 4.410676e-02 1.479342e-04 9.557453e-01
206.INTNODE2406 8.985542e-01 6.909269e-03 9.453649e-02
209.INTNODE2406 8.969625e-01 1.030367e-01 7.050843e-07
210.INTNODE2406 9.308631e-01 6.913423e-02 2.647522e-06
418.INTNODE2406 9.686271e-01 3.134943e-02 2.351426e-05
293.INTNODE2415 9.519244e-01 4.806973e-02 5.839984e-06
138.INTNODE2416 9.649692e-01 3.502357e-02 7.219501e-06
240.INTNODE2421 8.691045e-01 1.308954e-01 4.230811e-08
238.INTNODE2422 7.215466e-15 5.769681e-22 1.000000e+00
269.INTNODE2423 9.106367e-01 8.935965e-02 3.609989e-06
311.INTNODE2423 8.688840e-01 1.311159e-01 4.146424e-08
73.INTNODE2425  8.677026e-01 1.322974e-01 3.723956e-08
151.INTNODE2425 9.634345e-01 3.656098e-02 4.561454e-06
207.INTNODE2425 8.516437e-01 4.158278e-02 1.067735e-01
145.INTNODE2426 9.461906e-01 5.380770e-02 1.713513e-06
178.INTNODE2426 9.850001e-01 1.490048e-02 9.939478e-05
88.INTNODE2428  4.907236e-01 1.433151e-02 4.949449e-01
111.INTNODE2428 7.427134e-01 6.958342e-03 2.503283e-01
155.INTNODE2428 4.310137e-01 1.678266e-02 5.522037e-01
470.INTNODE2428 8.694347e-01 1.305652e-01 4.360619e-08
4.INTNODE2429   7.827268e-01 2.172732e-01 1.740139e-09
13.INTNODE2429  2.683368e-01 7.120218e-03 7.245430e-01
90.INTNODE2429  9.120723e-01 8.792751e-02 1.780354e-07
113.INTNODE2429 9.891055e-01 1.077521e-02 1.193204e-04
145.INTNODE2429 2.062387e-01 7.221235e-03 7.865400e-01
171.INTNODE2429 9.582464e-01 4.175245e-02 1.097643e-06
179.INTNODE2429 9.654987e-01 3.449280e-02 8.497727e-06
184.INTNODE2429 9.366513e-01 6.334839e-02 2.859141e-07
186.INTNODE2429 9.738726e-01 2.612070e-02 6.681055e-06
202.INTNODE2429 7.029008e-02 1.170948e-03 9.285390e-01
205.INTNODE2429 1.496902e-01 3.696068e-03 8.466138e-01
289.INTNODE2429 8.041590e-01 3.757762e-02 1.582634e-01
415.INTNODE2429 8.994112e-01 1.005888e-01 3.819970e-08
113.INTNODE2433 1.161657e-01 3.804486e-03 8.800298e-01
292.INTNODE2433 7.693188e-01 2.306812e-01 7.743420e-10
78.INTNODE2434  8.459566e-01 1.540434e-01 5.861533e-09
85.INTNODE2434  8.960022e-01 1.039978e-01 2.599063e-08
169.INTNODE2434 4.993951e-03 1.841698e-05 9.949876e-01
176.INTNODE2434 3.781676e-06 6.530102e-11 9.999962e-01
201.INTNODE2434 9.720509e-01 2.794579e-02 3.269215e-06
238.INTNODE2434 1.233004e-01 2.978359e-03 8.737212e-01
488.INTNODE2434 9.579094e-01 4.208958e-02 1.006630e-06
60.INTNODE2435  8.472012e-01 4.116604e-02 1.116327e-01
171.INTNODE2435 1.946629e-01 6.767681e-03 7.985694e-01
202.INTNODE2435 3.013875e-01 1.109427e-02 6.875182e-01
206.INTNODE2435 6.007411e-01 1.835572e-02 3.809032e-01
232.INTNODE2435 6.888562e-01 2.998266e-02 2.811611e-01
261.INTNODE2435 9.524430e-01 4.755669e-02 2.692561e-07
[1] 0.63736285 0.04956253 0.31307462
[1] "model lnL"
[1] -2789.767
[1] "------------Step 5"
[1] "Running in group mode"
[1] "expon_lambda root  0.00171427322978746"
[1] "staring with p = " "0.2"              
[1] "precision_p  7.04858393874019e-12"
          p_root lambda_weib_root 
     0.762596963      0.001341317 
[1] "Running in group mode"
[1] "expon_lambda root  0.00123512500343471"
[1] "staring with p = " "0.2"              
[1] "precision_p  7.8067863285014e-10"
          p_root lambda_weib_root 
    0.7395649937     0.0008625579 
[1] "Running in group mode"
[1] "expon_lambda root  0.00830082357338337"
[1] "staring with p = " "0.2"              
[1] "precision_p  1.4210854715202e-13"
          p_root lambda_weib_root 
     0.815498915      0.008960652 
                        [,1]         [,2]         [,3]
156.INTNODE1247 1.211290e-01 4.552479e-03 8.743185e-01
240.INTNODE1247 1.346634e-01 5.112750e-03 8.602239e-01
277.INTNODE1249 2.246043e-02 5.652268e-04 9.769743e-01
467.INTNODE1354 1.050444e-02 1.927045e-04 9.893029e-01
7.INTNODE1628   6.577476e-03 1.160252e-04 9.933065e-01
202.INTNODE1911 3.248829e-02 8.437693e-04 9.666679e-01
203.INTNODE2046 8.526092e-02 3.101568e-03 9.116375e-01
202.INTNODE2079 1.804875e-01 7.054607e-03 8.124579e-01
202.INTNODE2080 4.995807e-02 1.346775e-03 9.486952e-01
206.INTNODE2084 7.898319e-01 3.972809e-02 1.704400e-01
52.INTNODE2226  9.264919e-01 4.225640e-02 3.125171e-02
162.INTNODE2226 8.344974e-01 2.590035e-02 1.396023e-01
157.INTNODE2228 8.597557e-01 2.722370e-02 1.130206e-01
290.INTNODE2230 9.304450e-01 4.303421e-02 2.652081e-02
205.INTNODE2233 5.461222e-02 5.415174e-04 9.448463e-01
467.INTNODE2283 1.928958e-01 7.591453e-03 7.995128e-01
99.INTNODE2298  9.345783e-01 3.305894e-02 3.236280e-02
111.INTNODE2298 9.448089e-01 5.111763e-02 4.073514e-03
489.INTNODE2301 9.466959e-01 5.317922e-02 1.248577e-04
3.INTNODE2304   3.384544e-04 3.753763e-07 9.996612e-01
182.INTNODE2305 9.442088e-01 5.572252e-02 6.872989e-05
169.INTNODE2394 1.285348e-08 1.049404e-12 1.000000e+00
199.INTNODE2394 9.312477e-01 6.239754e-02 6.354717e-03
361.INTNODE2395 8.749867e-01 1.250126e-01 6.534522e-07
86.INTNODE2399  8.805447e-01 1.194541e-01 1.227432e-06
289.INTNODE2399 8.455381e-01 7.420948e-03 1.470410e-01
326.INTNODE2400 9.576166e-01 1.246968e-02 2.991371e-02
88.INTNODE2401  9.358422e-01 6.414656e-02 1.122779e-05
97.INTNODE2401  9.364796e-01 6.350760e-02 1.277961e-05
287.INTNODE2401 8.710669e-01 1.289327e-01 4.248863e-07
289.INTNODE2401 1.004667e-01 3.710240e-03 8.958230e-01
16.INTNODE2402  8.535768e-01 1.464231e-01 7.046124e-08
74.INTNODE2402  9.279057e-01 7.209184e-02 2.461724e-06
91.INTNODE2404  9.477794e-01 5.221299e-02 7.599272e-06
155.INTNODE2404 8.940484e-01 1.059513e-01 3.052332e-07
223.INTNODE2404 8.517861e-01 1.482139e-01 5.921996e-08
173.INTNODE2405 8.912907e-01 1.087091e-01 2.151374e-07
12.INTNODE2406  9.235153e-01 7.648353e-02 1.135137e-06
13.INTNODE2406  8.510578e-01 1.489422e-01 5.520543e-08
71.INTNODE2406  8.908649e-01 1.091349e-01 2.039688e-07
142.INTNODE2406 8.421661e-06 1.515594e-09 9.999916e-01
202.INTNODE2406 3.295312e-01 3.904898e-03 6.665639e-01
205.INTNODE2406 4.052918e-02 2.365535e-04 9.592343e-01
206.INTNODE2406 8.865763e-01 1.035126e-02 1.030725e-01
209.INTNODE2406 9.011514e-01 9.884786e-02 7.806705e-07
210.INTNODE2406 9.288531e-01 7.114396e-02 2.925854e-06
418.INTNODE2406 9.627264e-01 3.724740e-02 2.618715e-05
293.INTNODE2415 9.471254e-01 5.286810e-02 6.480944e-06
138.INTNODE2416 9.590922e-01 4.089974e-02 8.079073e-06
240.INTNODE2421 8.786895e-01 1.213105e-01 4.768106e-08
238.INTNODE2422 5.774169e-15 5.294142e-21 1.000000e+00
269.INTNODE2423 9.124427e-01 8.755333e-02 3.959927e-06
311.INTNODE2423 8.785140e-01 1.214859e-01 4.673636e-08
73.INTNODE2425  8.775746e-01 1.224253e-01 4.200500e-08
151.INTNODE2425 9.575849e-01 4.240998e-02 5.114238e-06
207.INTNODE2425 8.455520e-01 4.435268e-02 1.100954e-01
145.INTNODE2426 9.418440e-01 5.815408e-02 1.911979e-06
178.INTNODE2426 9.795703e-01 2.031736e-02 1.123865e-04
88.INTNODE2428  4.799597e-01 1.645553e-02 5.035848e-01
111.INTNODE2428 7.243473e-01 9.890430e-03 2.657623e-01
155.INTNODE2428 4.235120e-01 1.833085e-02 5.581572e-01
470.INTNODE2428 8.789522e-01 1.210477e-01 4.913399e-08
4.INTNODE2429   8.133704e-01 1.866296e-01 2.020596e-09
13.INTNODE2429  2.611543e-01 8.253586e-03 7.305921e-01
90.INTNODE2429  9.127535e-01 8.724628e-02 1.995054e-07
113.INTNODE2429 9.842422e-01 1.562147e-02 1.362846e-04
145.INTNODE2429 2.022175e-01 7.997682e-03 7.897848e-01
171.INTNODE2429 9.525591e-01 4.743965e-02 1.238017e-06
179.INTNODE2429 9.596145e-01 4.037597e-02 9.503115e-06
184.INTNODE2429 9.332376e-01 6.676209e-02 3.216746e-07
186.INTNODE2429 9.677134e-01 3.227902e-02 7.554242e-06
202.INTNODE2429 6.775469e-02 1.458383e-03 9.307869e-01
205.INTNODE2429 1.455217e-01 4.326358e-03 8.501519e-01
289.INTNODE2429 7.971001e-01 4.028097e-02 1.626189e-01
415.INTNODE2429 9.021743e-01 9.782561e-02 4.317509e-08
113.INTNODE2433 1.139767e-01 4.259078e-03 8.817642e-01
292.INTNODE2433 8.032194e-01 1.967806e-01 9.063372e-10
78.INTNODE2434  8.604314e-01 1.395686e-01 6.699018e-09
85.INTNODE2434  8.993564e-01 1.006436e-01 2.944150e-08
169.INTNODE2434 4.662897e-03 2.917070e-05 9.953079e-01
176.INTNODE2434 3.118720e-06 2.426881e-10 9.999969e-01
201.INTNODE2434 9.658243e-01 3.417197e-02 3.707009e-06
238.INTNODE2434 1.198757e-01 3.498077e-03 8.766263e-01
488.INTNODE2434 9.522361e-01 4.776280e-02 1.135780e-06
60.INTNODE2435  8.410036e-01 4.393306e-02 1.150634e-01
171.INTNODE2435 1.908684e-01 7.503434e-03 8.016281e-01
202.INTNODE2435 2.956539e-01 1.220067e-02 6.921454e-01
206.INTNODE2435 5.894573e-01 2.100042e-02 3.895423e-01
232.INTNODE2435 6.805425e-01 3.237790e-02 2.870796e-01
261.INTNODE2435 9.470496e-01 5.295007e-02 3.055219e-07
[1] 0.63628906 0.04877627 0.31493467
[1] "model lnL"
[1] -2789.727
[1] "------------Step 6"
[1] "Running in group mode"
[1] "expon_lambda root  0.00170743752364534"
[1] "staring with p = " "0.2"              
[1] "precision_p  5.20117282576393e-12"
          p_root lambda_weib_root 
     0.762506534      0.001334726 
[1] "Running in group mode"
[1] "expon_lambda root  0.00128034427544347"
[1] "staring with p = " "0.2"              
[1] "precision_p  4.93090013264919e-10"
          p_root lambda_weib_root 
    0.7407199706     0.0009046594 
[1] "Running in group mode"
[1] "expon_lambda root  0.00828306605323867"
[1] "staring with p = " "0.2"              
[1] "precision_p  0"
          p_root lambda_weib_root 
     0.816007490      0.008932927 
                        [,1]         [,2]         [,3]
156.INTNODE1247 1.196244e-01 4.922684e-03 8.754529e-01
240.INTNODE1247 1.329733e-01 5.520729e-03 8.615060e-01
277.INTNODE1249 2.211665e-02 6.452996e-04 9.772381e-01
467.INTNODE1354 1.029518e-02 2.293982e-04 9.894754e-01
7.INTNODE1628   6.454017e-03 1.389657e-04 9.934070e-01
202.INTNODE1911 3.196385e-02 9.586640e-04 9.670775e-01
203.INTNODE2046 8.424877e-02 3.369492e-03 9.123817e-01
202.INTNODE2079 1.781807e-01 7.587898e-03 8.142314e-01
202.INTNODE2080 4.910751e-02 1.521617e-03 9.493709e-01
206.INTNODE2084 7.849815e-01 4.167181e-02 1.733467e-01
52.INTNODE2226  9.225278e-01 4.525814e-02 3.221407e-02
162.INTNODE2226 8.272128e-01 2.918321e-02 1.436040e-01
157.INTNODE2228 8.529483e-01 3.062202e-02 1.164297e-01
290.INTNODE2230 9.266274e-01 4.601811e-02 2.735448e-02
205.INTNODE2233 5.234160e-02 6.949612e-04 9.469634e-01
467.INTNODE2283 1.904263e-01 8.158097e-03 8.014156e-01
99.INTNODE2298  9.296840e-01 3.676892e-02 3.354709e-02
111.INTNODE2298 9.421133e-01 5.365879e-02 4.227881e-03
489.INTNODE2301 9.439421e-01 5.592629e-02 1.316531e-04
3.INTNODE2304   3.131823e-04 6.422976e-07 9.996862e-01
182.INTNODE2305 9.416768e-01 5.825065e-02 7.260094e-05
169.INTNODE2394 1.166245e-08 2.563190e-12 1.000000e+00
199.INTNODE2394 9.300146e-01 6.343143e-02 6.553949e-03
361.INTNODE2395 8.832456e-01 1.167537e-01 6.978159e-07
86.INTNODE2399  8.878340e-01 1.121647e-01 1.307099e-06
289.INTNODE2399 8.342840e-01 1.008984e-02 1.556262e-01
326.INTNODE2400 9.520215e-01 1.614583e-02 3.183271e-02
88.INTNODE2401  9.341291e-01 6.585895e-02 1.192697e-05
97.INTNODE2401  9.347001e-01 6.528635e-02 1.356986e-05
287.INTNODE2401 8.800209e-01 1.199786e-01 4.546215e-07
289.INTNODE2401 9.924610e-02 4.021951e-03 8.967319e-01
16.INTNODE2402  8.657324e-01 1.342676e-01 7.604408e-08
74.INTNODE2402  9.270733e-01 7.292406e-02 2.627922e-06
91.INTNODE2404  9.446043e-01 5.538754e-02 8.122577e-06
155.INTNODE2404 8.984660e-01 1.015337e-01 3.273428e-07
223.INTNODE2404 8.642777e-01 1.357223e-01 6.396789e-08
173.INTNODE2405 8.961482e-01 1.038516e-01 2.310493e-07
12.INTNODE2406  9.232097e-01 7.678913e-02 1.214927e-06
13.INTNODE2406  8.636864e-01 1.363135e-01 5.965262e-08
71.INTNODE2406  8.957909e-01 1.042089e-01 2.191025e-07
142.INTNODE2406 7.561558e-06 3.293725e-09 9.999924e-01
202.INTNODE2406 3.181890e-01 4.936606e-03 6.768744e-01
205.INTNODE2406 3.836039e-02 3.248131e-04 9.613148e-01
206.INTNODE2406 8.776318e-01 1.353056e-02 1.088377e-01
209.INTNODE2406 9.044649e-01 9.553429e-02 8.341106e-07
210.INTNODE2406 9.279106e-01 7.208627e-02 3.121603e-06
418.INTNODE2406 9.584300e-01 4.154190e-02 2.805489e-05
293.INTNODE2415 9.440007e-01 5.599234e-02 6.930494e-06
138.INTNODE2416 9.549270e-01 4.506427e-02 8.683187e-06
240.INTNODE2421 8.856295e-01 1.143705e-01 5.153511e-08
238.INTNODE2422 4.994830e-15 2.367500e-20 1.000000e+00
269.INTNODE2423 9.140973e-01 8.589852e-02 4.205203e-06
311.INTNODE2423 8.854838e-01 1.145162e-01 5.051848e-08
73.INTNODE2425  8.847041e-01 1.152959e-01 4.542549e-08
151.INTNODE2425 9.534857e-01 4.650875e-02 5.503621e-06
207.INTNODE2425 8.414035e-01 4.633468e-02 1.122618e-01
145.INTNODE2426 9.391587e-01 6.083929e-02 2.052099e-06
178.INTNODE2426 9.750411e-01 2.483741e-02 1.215299e-04
88.INTNODE2428  4.729048e-01 1.807921e-02 5.090160e-01
111.INTNODE2428 7.116629e-01 1.249710e-02 2.758400e-01
155.INTNODE2428 4.186192e-01 1.948879e-02 5.618920e-01
470.INTNODE2428 8.858477e-01 1.141523e-01 5.309853e-08
4.INTNODE2429   8.333493e-01 1.666507e-01 2.223373e-09
13.INTNODE2429  2.565363e-01 9.133831e-03 7.343298e-01
90.INTNODE2429  9.138435e-01 8.615632e-02 2.148327e-07
113.INTNODE2429 9.799622e-01 1.988945e-02 1.483219e-04
145.INTNODE2429 1.996273e-01 8.589241e-03 7.917834e-01
171.INTNODE2429 9.487252e-01 5.127344e-02 1.337603e-06
179.INTNODE2429 9.554281e-01 4.456171e-02 1.020914e-05
184.INTNODE2429 9.313806e-01 6.861908e-02 3.471696e-07
186.INTNODE2429 9.630790e-01 3.691286e-02 8.171210e-06
202.INTNODE2429 6.615335e-02 1.694988e-03 9.321517e-01
205.INTNODE2429 1.428608e-01 4.821863e-03 8.523174e-01
289.INTNODE2429 7.923250e-01 4.223330e-02 1.654418e-01
415.INTNODE2429 9.047619e-01 9.523808e-02 4.675706e-08
113.INTNODE2433 1.125703e-01 4.609155e-03 8.828205e-01
292.INTNODE2433 8.252449e-01 1.747551e-01 1.002162e-09
78.INTNODE2434  8.705675e-01 1.294325e-01 7.305768e-09
85.INTNODE2434  9.023613e-01 9.763872e-02 3.193114e-08
169.INTNODE2434 4.459875e-03 3.985824e-05 9.955003e-01
176.INTNODE2434 2.752161e-06 5.877791e-10 9.999972e-01
201.INTNODE2434 9.612075e-01 3.878849e-02 4.017331e-06
238.INTNODE2434 1.176920e-01 3.908172e-03 8.783999e-01
488.INTNODE2434 9.484215e-01 5.157730e-02 1.227444e-06
60.INTNODE2435  8.367856e-01 4.591508e-02 1.172993e-01
171.INTNODE2435 1.884254e-01 8.064643e-03 8.035100e-01
202.INTNODE2435 2.919440e-01 1.303651e-02 6.950195e-01
206.INTNODE2435 5.819692e-01 2.300764e-02 3.950231e-01
232.INTNODE2435 6.749976e-01 3.413216e-02 2.908702e-01
261.INTNODE2435 9.435791e-01 5.642059e-02 3.314355e-07
[1] 0.63560517 0.04827518 0.31611965
[1] "model lnL"
[1] -2789.705
[1] "------------Step 7"
[1] "Running in group mode"
[1] "expon_lambda root  0.00170249815508433"
[1] "staring with p = " "0.2"              
[1] "precision_p  3.5242919693701e-12"
          p_root lambda_weib_root 
     0.762403792      0.001329897 
[1] "Running in group mode"
[1] "expon_lambda root  0.00131618432097568"
[1] "staring with p = " "0.2"              
[1] "precision_p  3.74230424426969e-10"
          p_root lambda_weib_root 
    0.7419639143     0.0009387939 
[1] "Running in group mode"
[1] "expon_lambda root  0.00827139938041769"
[1] "staring with p = " "0.2"              
[1] "precision_p  2.8421709430404e-14"
          p_root lambda_weib_root 
     0.816336100      0.008914813 
                        [,1]         [,2]         [,3]
156.INTNODE1247 1.186133e-01 5.219366e-03 8.761673e-01
240.INTNODE1247 1.318388e-01 5.847350e-03 8.623138e-01
277.INTNODE1249 2.188300e-02 7.118022e-04 9.774052e-01
467.INTNODE1354 1.015346e-02 2.608464e-04 9.895857e-01
7.INTNODE1628   6.369851e-03 1.587223e-04 9.934714e-01
202.INTNODE1911 3.160939e-02 1.053741e-03 9.673369e-01
203.INTNODE2046 8.356568e-02 3.584890e-03 9.128494e-01
202.INTNODE2079 1.766354e-01 8.013537e-03 8.153510e-01
202.INTNODE2080 4.853573e-02 1.665683e-03 9.497986e-01
206.INTNODE2084 7.816120e-01 4.315790e-02 1.752301e-01
52.INTNODE2226  9.196170e-01 4.753540e-02 3.284762e-02
162.INTNODE2226 8.219692e-01 3.180575e-02 1.462251e-01
157.INTNODE2228 8.480045e-01 3.332871e-02 1.186668e-01
290.INTNODE2230 9.238206e-01 4.827560e-02 2.790376e-02
205.INTNODE2233 5.085907e-02 8.344027e-04 9.483065e-01
467.INTNODE2283 1.887725e-01 8.610012e-03 8.026174e-01
99.INTNODE2298  9.259965e-01 3.967322e-02 3.433026e-02
111.INTNODE2298 9.401573e-01 5.551227e-02 4.330405e-03
489.INTNODE2301 9.420015e-01 5.786230e-02 1.362343e-04
3.INTNODE2304   2.970623e-04 9.505936e-07 9.997020e-01
182.INTNODE2305 9.399274e-01 5.999734e-02 7.521610e-05
169.INTNODE2394 1.090411e-08 4.913070e-12 1.000000e+00
199.INTNODE2394 9.291680e-01 6.414630e-02 6.685743e-03
361.INTNODE2395 8.892695e-01 1.107298e-01 7.282583e-07
86.INTNODE2399  8.931811e-01 1.068175e-01 1.361635e-06
289.INTNODE2399 8.259824e-01 1.257789e-02 1.614397e-01
326.INTNODE2400 9.474428e-01 1.941761e-02 3.313961e-02
88.INTNODE2401  9.330630e-01 6.692461e-02 1.240239e-05
97.INTNODE2401  9.335796e-01 6.640630e-02 1.410694e-05
287.INTNODE2401 8.865279e-01 1.134716e-01 4.750595e-07
289.INTNODE2401 9.842414e-02 4.272188e-03 8.973037e-01
16.INTNODE2402  8.744478e-01 1.255521e-01 7.990800e-08
74.INTNODE2402  9.267142e-01 7.328310e-02 2.741568e-06
91.INTNODE2404  9.423892e-01 5.760228e-02 8.479515e-06
155.INTNODE2404 9.019159e-01 9.808374e-02 3.425771e-07
223.INTNODE2404 8.732236e-01 1.267763e-01 6.725616e-08
173.INTNODE2405 8.999145e-01 1.000853e-01 2.420283e-07
12.INTNODE2406  9.232639e-01 7.673487e-02 1.269648e-06
13.INTNODE2406  8.727263e-01 1.272736e-01 6.273346e-08
71.INTNODE2406  8.996063e-01 1.003934e-01 2.295469e-07
142.INTNODE2406 7.025711e-06 5.799342e-09 9.999930e-01
202.INTNODE2406 3.106525e-01 5.855507e-03 6.834920e-01
205.INTNODE2406 3.696027e-02 4.096111e-04 9.626301e-01
206.INTNODE2406 8.708743e-01 1.639408e-02 1.127317e-01
209.INTNODE2406 9.071153e-01 9.288384e-02 8.707968e-07
210.INTNODE2406 9.274643e-01 7.253249e-02 3.255369e-06
418.INTNODE2406 9.551788e-01 4.479189e-02 2.932841e-05
293.INTNODE2415 9.418315e-01 5.816131e-02 7.237285e-06
138.INTNODE2416 9.518402e-01 4.815066e-02 9.096424e-06
240.INTNODE2421 8.908792e-01 1.091207e-01 5.421035e-08
238.INTNODE2422 4.514883e-15 7.042051e-20 1.000000e+00
269.INTNODE2423 9.155278e-01 8.446778e-02 4.372514e-06
311.INTNODE2423 8.907546e-01 1.092453e-01 5.314399e-08
73.INTNODE2425  8.900879e-01 1.099121e-01 4.780098e-08
151.INTNODE2425 9.504746e-01 4.951960e-02 5.770318e-06
207.INTNODE2425 8.384923e-01 4.783632e-02 1.136714e-01
145.INTNODE2426 9.373790e-01 6.261888e-02 2.148117e-06
178.INTNODE2426 9.712662e-01 2.860601e-02 1.278183e-04
88.INTNODE2428  4.681322e-01 1.937466e-02 5.124932e-01
111.INTNODE2428 7.027078e-01 1.479150e-02 2.825007e-01
155.INTNODE2428 4.153288e-01 2.040039e-02 5.642708e-01
470.INTNODE2428 8.910659e-01 1.089340e-01 5.585012e-08
4.INTNODE2429   8.473930e-01 1.526070e-01 2.365707e-09
13.INTNODE2429  2.534507e-01 9.844975e-03 7.367044e-01
90.INTNODE2429  9.149688e-01 8.503101e-02 2.254149e-07
113.INTNODE2429 9.762593e-01 2.358402e-02 1.566596e-04
145.INTNODE2429 1.978931e-01 9.060765e-03 7.930462e-01
171.INTNODE2429 9.459954e-01 5.400317e-02 1.406099e-06
179.INTNODE2429 9.523160e-01 4.767326e-02 1.069187e-05
184.INTNODE2429 9.303022e-01 6.969741e-02 3.647502e-07
186.INTNODE2429 9.594934e-01 4.049796e-02 8.595183e-06
202.INTNODE2429 6.508851e-02 1.893842e-03 9.330176e-01
205.INTNODE2429 1.410856e-01 5.225434e-03 8.536890e-01
289.INTNODE2429 7.890037e-01 4.372450e-02 1.672718e-01
415.INTNODE2429 9.070083e-01 9.299160e-02 4.924509e-08
113.INTNODE2433 1.116247e-01 4.889867e-03 8.834854e-01
292.INTNODE2433 8.406753e-01 1.593247e-01 1.069649e-09
78.INTNODE2434  8.780603e-01 1.219397e-01 7.730268e-09
85.INTNODE2434  9.049162e-01 9.508372e-02 3.366309e-08
169.INTNODE2434 4.326639e-03 5.009577e-05 9.956233e-01
176.INTNODE2434 2.527303e-06 1.119670e-09 9.999975e-01
201.INTNODE2434 9.576754e-01 4.232033e-02 4.230945e-06
238.INTNODE2434 1.162343e-01 4.242946e-03 8.795228e-01
