[1] "Initial parameters:"
           lambda         p
[1,] 1.838829e-04 4.8749167
[2,] 2.490001e-05 0.5788263
[3,] 8.778349e-02 0.3349043
[1] 0.3333333 0.3333333 0.3333333
[1] "------------Step 1"
[1] "Running in group mode"
[1] "expon_lambda root  0.000575141741808312"
[1] "staring with p = " "0.2"              
[1] "precision_p  2.18617439415816e-09"
          p_root lambda_weib_root 
    2.000000e-01     3.712283e-05 
[1] "Running in group mode"
[1] "expon_lambda root  0.00136891200950325"
[1] "staring with p = " "0.2"              
[1] "precision_p  1.1335430372128e-08"
          p_root lambda_weib_root 
    0.6959719683     0.0008408357 
[1] "Running in group mode"
[1] "expon_lambda root  0.00462207984209202"
[1] "staring with p = " "0.2"              
[1] "precision_p  8.07176547823474e-12"
          p_root lambda_weib_root 
     0.619830415      0.005500033 
                         [,1]         [,2]         [,3]
156.INTNODE1247  5.851200e-22 3.890243e-03 9.961098e-01
240.INTNODE1247  1.350719e-19 8.343204e-03 9.916568e-01
277.INTNODE1249  2.678096e-34 4.319231e-05 9.999568e-01
467.INTNODE1354  8.412488e-45 1.243927e-05 9.999876e-01
7.INTNODE1628    1.554116e-53 3.720489e-05 9.999628e-01
202.INTNODE1911  8.309709e-40 2.491654e-02 9.750835e-01
203.INTNODE2046  2.110912e-29 6.301224e-04 9.993699e-01
202.INTNODE2079  8.049488e-24 8.257876e-01 1.742124e-01
202.INTNODE2080  1.182678e-40 5.472006e-02 9.452799e-01
206.INTNODE2084  2.271892e-23 1.000000e+00 2.568314e-10
52.INTNODE2226   2.584835e-31 1.000000e+00 2.470499e-14
162.INTNODE2226  1.096397e-43 1.000000e+00 2.483638e-12
157.INTNODE2228  7.048071e-39 9.999990e-01 1.041271e-06
290.INTNODE2230  3.438124e-28 9.999986e-01 1.368467e-06
205.INTNODE2233  1.075943e-64 7.018891e-03 9.929811e-01
467.INTNODE2283  2.260808e-20 1.299746e-01 8.700254e-01
99.INTNODE2298   1.490095e-33 9.993512e-01 6.488290e-04
111.INTNODE2298  2.383980e-25 9.999952e-01 4.819783e-06
489.INTNODE2301  6.195810e-32 1.000000e+00 4.856020e-08
3.INTNODE2304   1.320567e-125 1.790484e-11 1.000000e+00
182.INTNODE2305  1.089638e-33 1.000000e+00 1.104298e-08
169.INTNODE2394 5.253325e-173 1.747267e-22 1.000000e+00
199.INTNODE2394  5.664310e-16 9.999970e-01 2.988697e-06
361.INTNODE2395  4.381304e-15 1.000000e+00 2.186591e-11
86.INTNODE2399   1.478055e-14 1.000000e+00 5.902173e-10
289.INTNODE2399  2.473641e-73 3.755766e-04 9.996244e-01
326.INTNODE2400  2.023256e-61 4.850619e-03 9.951494e-01
88.INTNODE2401   3.224533e-26 9.999935e-01 6.549311e-06
97.INTNODE2401   1.384375e-27 9.999903e-01 9.714135e-06
287.INTNODE2401  7.952830e-17 1.000000e+00 6.438750e-09
289.INTNODE2401  4.700704e-24 2.685411e-03 9.973146e-01
16.INTNODE2402   1.877281e-12 1.000000e+00 1.302230e-08
74.INTNODE2402   1.327500e-26 9.999563e-01 4.370582e-05
91.INTNODE2404   9.917257e-32 9.957618e-01 4.238165e-03
155.INTNODE2404  4.850629e-19 9.999974e-01 2.621128e-06
223.INTNODE2404  6.667714e-12 9.999999e-01 5.766374e-08
173.INTNODE2405  4.475771e-25 9.999968e-01 3.211419e-06
12.INTNODE2406   1.544140e-23 9.999722e-01 2.781780e-05
13.INTNODE2406   9.351603e-12 1.000000e+00 2.358895e-08
71.INTNODE2406   6.326498e-18 9.999993e-01 6.942390e-07
142.INTNODE2406 6.211023e-146 6.857808e-22 1.000000e+00
202.INTNODE2406  1.343971e-62 1.073295e-05 9.999893e-01
205.INTNODE2406  4.060205e-63 1.003183e-07 9.999999e-01
206.INTNODE2406  3.158229e-53 1.348253e-04 9.998652e-01
209.INTNODE2406  3.718570e-19 9.999973e-01 2.650571e-06
210.INTNODE2406  8.063129e-25 9.999195e-01 8.046090e-05
418.INTNODE2406  3.698413e-41 9.129843e-01 8.701569e-02
293.INTNODE2415  2.912877e-28 9.788131e-01 2.118687e-02
138.INTNODE2416  8.351440e-39 4.245361e-01 5.754639e-01
240.INTNODE2421  4.491943e-24 9.999947e-01 5.342872e-06
238.INTNODE2422  0.000000e+00 6.736918e-47 1.000000e+00
269.INTNODE2423  6.307648e-17 9.996802e-01 3.197677e-04
311.INTNODE2423  7.992926e-16 9.999926e-01 7.440273e-06
73.INTNODE2425   2.264185e-24 9.999583e-01 4.165841e-05
151.INTNODE2425  1.018725e-49 1.867523e-01 8.132477e-01
207.INTNODE2425  1.218624e-12 9.095087e-01 9.049127e-02
145.INTNODE2426  1.142220e-30 8.485666e-01 1.514334e-01
178.INTNODE2426  3.710318e-45 4.371839e-04 9.995628e-01
88.INTNODE2428   1.084381e-25 1.600703e-02 9.839930e-01
111.INTNODE2428  4.824560e-44 8.489444e-06 9.999915e-01
155.INTNODE2428  4.094771e-15 1.451850e-01 8.548150e-01
470.INTNODE2428  1.648985e-15 9.999077e-01 9.229487e-05
4.INTNODE2429    5.870404e-13 9.999973e-01 2.693366e-06
13.INTNODE2429   8.824656e-25 1.087801e-02 9.891220e-01
90.INTNODE2429   1.083438e-25 9.831111e-01 1.688890e-02
113.INTNODE2429  1.714674e-49 1.559939e-05 9.999844e-01
145.INTNODE2429  3.478439e-18 2.649557e-02 9.735044e-01
171.INTNODE2429  3.658297e-43 7.596349e-02 9.240365e-01
179.INTNODE2429  1.500293e-37 4.007470e-02 9.599253e-01
184.INTNODE2429  4.964477e-34 7.739280e-01 2.260720e-01
186.INTNODE2429  8.470516e-37 1.380431e-02 9.861957e-01
202.INTNODE2429  4.348176e-32 2.954037e-04 9.997046e-01
205.INTNODE2429  5.005818e-25 3.453820e-03 9.965462e-01
289.INTNODE2429  2.304191e-12 7.007641e-01 2.992359e-01
415.INTNODE2429  7.727166e-23 9.978777e-01 2.122340e-03
113.INTNODE2433  1.122489e-22 4.009046e-03 9.959910e-01
292.INTNODE2433  2.483263e-09 9.999939e-01 6.130252e-06
78.INTNODE2434   1.585831e-15 9.996516e-01 3.483574e-04
85.INTNODE2434   8.530536e-18 9.935360e-01 6.463973e-03
169.INTNODE2434  1.994459e-50 5.120160e-09 1.000000e+00
176.INTNODE2434 1.964948e-138 1.553317e-27 1.000000e+00
201.INTNODE2434  6.718819e-36 3.474586e-03 9.965254e-01
238.INTNODE2434  4.372794e-24 2.707710e-03 9.972923e-01
488.INTNODE2434  1.567380e-31 4.834389e-02 9.516561e-01
60.INTNODE2435   2.477941e-13 6.436238e-01 3.563762e-01
171.INTNODE2435  4.299199e-20 2.021548e-02 9.797845e-01
202.INTNODE2435  7.666306e-16 8.348907e-02 9.165109e-01
206.INTNODE2435  6.552198e-21 3.358563e-02 9.664144e-01
232.INTNODE2435  2.372503e-12 4.608167e-01 5.391833e-01
261.INTNODE2435  2.203397e-28 1.017580e-01 8.982420e-01
[1] 2.786576e-11 5.055839e-01 4.944161e-01
[1] "weights"
[1] 2.786576e-11 5.055839e-01 4.944161e-01
[1] "weights"
[1] 2.786576e-11 5.055839e-01 4.944161e-01
[1] "weights"
[1] 2.786576e-11 5.055839e-01 4.944161e-01
[1] "model lnL"
[1] -2795.906
[1] "------------Step 2"
[1] "Running in group mode"
[1] "expon_lambda root  0.00130033972918278"
[1] "staring with p = " "0.2"              
[1] "precision_p  1.13203189726844e-09"
          p_root lambda_weib_root 
    2.000000e-01     8.869227e-05 
[1] "Running in group mode"
[1] "expon_lambda root  0.00148452420225737"
[1] "staring with p = " "0.2"              
[1] "precision_p  3.43408146363799e-09"
          p_root lambda_weib_root 
     0.723234980      0.001034586 
[1] "Running in group mode"
[1] "expon_lambda root  0.005693480779378"
[1] "staring with p = " "0.2"              
[1] "precision_p  7.17932380212005e-11"
          p_root lambda_weib_root 
     0.704247092      0.006350237 
                        [,1]         [,2]         [,3]
156.INTNODE1247 6.438724e-12 9.757616e-02 0.9024238407
240.INTNODE1247 4.470955e-12 1.183603e-01 0.8816396647
277.INTNODE1249 2.441888e-12 2.265224e-02 0.9773477566
467.INTNODE1354 1.822455e-12 1.244521e-02 0.9875547853
7.INTNODE1628   8.873176e-12 8.841222e-03 0.9911587777
202.INTNODE1911 1.046011e-11 4.126137e-02 0.9587386286
203.INTNODE2046 2.185582e-11 5.695945e-02 0.9430405505
202.INTNODE2079 1.488002e-11 2.236466e-01 0.7763533827
202.INTNODE2080 3.350215e-11 6.509499e-02 0.9349050065
206.INTNODE2084 1.015920e-11 9.535645e-01 0.0464355224
52.INTNODE2226  1.008148e-11 9.959597e-01 0.0040402747
162.INTNODE2226 2.841305e-11 9.816637e-01 0.0183362988
157.INTNODE2228 4.417411e-11 9.140117e-01 0.0859882813
290.INTNODE2230 4.040903e-11 9.535060e-01 0.0464940155
205.INTNODE2233 3.433987e-12 5.602613e-02 0.9439738745
467.INTNODE2283 9.688322e-12 1.930900e-01 0.8069100440
99.INTNODE2298  2.712084e-11 8.538149e-01 0.1461851461
111.INTNODE2298 3.360135e-11 9.686902e-01 0.0313097656
489.INTNODE2301 2.670601e-11 9.943810e-01 0.0056189617
3.INTNODE2304   2.084475e-15 1.306773e-04 0.9998693227
182.INTNODE2305 3.561711e-11 9.957985e-01 0.0042015054
169.INTNODE2394 1.695383e-21 3.462358e-08 0.9999999654
199.INTNODE2394 2.267484e-11 9.691349e-01 0.0308651262
361.INTNODE2395 4.035203e-11 9.997630e-01 0.0002370491
86.INTNODE2399  3.998004e-11 9.994442e-01 0.0005558064
289.INTNODE2399 1.369619e-12 9.275690e-02 0.9072430994
326.INTNODE2400 2.140231e-12 2.345259e-01 0.7654741085
88.INTNODE2401  1.346772e-11 9.921049e-01 0.0078951244
97.INTNODE2401  1.919355e-11 9.909655e-01 0.0090345396
287.INTNODE2401 1.006865e-10 9.992576e-01 0.0007424311
289.INTNODE2401 8.807657e-12 8.316776e-02 0.9168322441
16.INTNODE2402  4.210769e-11 9.993914e-01 0.0006085991
74.INTNODE2402  1.975402e-11 9.904786e-01 0.0095214186
91.INTNODE2404  8.973135e-12 9.640572e-01 0.0359428079
155.INTNODE2404 2.839700e-11 9.969574e-01 0.0030425651
223.INTNODE2404 4.035520e-11 9.991613e-01 0.0008387194
173.INTNODE2405 1.371504e-10 9.966351e-01 0.0033649442
12.INTNODE2406  8.948990e-12 9.920158e-01 0.0079841739
13.INTNODE2406  3.438784e-11 9.992499e-01 0.0007501258
71.INTNODE2406  1.931316e-11 9.977324e-01 0.0022675524
142.INTNODE2406 2.675509e-22 2.446133e-07 0.9999997554
202.INTNODE2406 9.288616e-13 2.470229e-02 0.9752977060
205.INTNODE2406 1.550159e-15 5.219771e-03 0.9947802294
206.INTNODE2406 5.681716e-14 8.573036e-02 0.9142696386
209.INTNODE2406 2.353924e-11 9.958325e-01 0.0041674981
210.INTNODE2406 1.147173e-11 9.873544e-01 0.0126456325
418.INTNODE2406 9.822229e-12 8.919455e-01 0.1080545389
293.INTNODE2415 3.367529e-12 9.384039e-01 0.0615961497
138.INTNODE2416 6.180776e-12 8.447553e-01 0.1552446562
240.INTNODE2421 1.046221e-10 9.962874e-01 0.0037125877
238.INTNODE2422 2.036745e-31 1.304366e-15 1.0000000000
269.INTNODE2423 1.374839e-11 9.814836e-01 0.0185164148
311.INTNODE2423 1.595587e-11 9.969374e-01 0.0030625735
73.INTNODE2425  1.507708e-10 9.949039e-01 0.0050961273
151.INTNODE2425 9.711369e-11 7.933203e-01 0.2066797269
207.INTNODE2425 7.699671e-12 6.253209e-01 0.3746790830
145.INTNODE2426 8.582492e-12 9.251719e-01 0.0748281112
178.INTNODE2426 8.013710e-14 3.472129e-01 0.6527870659
88.INTNODE2428  5.317611e-12 1.857808e-01 0.8142192346
111.INTNODE2428 1.643527e-14 4.075675e-02 0.9592432452
155.INTNODE2428 5.098403e-12 2.880559e-01 0.7119440914
470.INTNODE2428 1.565132e-11 9.942039e-01 0.0057961188
4.INTNODE2429   8.587091e-11 9.985442e-01 0.0014558218
13.INTNODE2429  2.749783e-12 1.443991e-01 0.8556008994
90.INTNODE2429  2.464508e-11 9.687540e-01 0.0312460493
113.INTNODE2429 9.903898e-15 1.674221e-01 0.8325779262
145.INTNODE2429 4.961979e-12 1.653336e-01 0.8346663506
171.INTNODE2429 1.993466e-11 7.985158e-01 0.2014841849
179.INTNODE2429 2.979544e-12 7.021645e-01 0.2978354787
184.INTNODE2429 2.470399e-11 9.309534e-01 0.0690466057
186.INTNODE2429 2.548632e-13 6.621189e-01 0.3378811445
202.INTNODE2429 4.350513e-13 4.701422e-02 0.9529857759
205.INTNODE2429 1.674514e-12 9.849679e-02 0.9015032057
289.INTNODE2429 6.285230e-12 5.336798e-01 0.4663201624
415.INTNODE2429 1.329043e-11 9.862348e-01 0.0137651631
113.INTNODE2433 7.407083e-12 9.500575e-02 0.9049942502
292.INTNODE2433 3.612097e-11 9.983428e-01 0.0016571516
78.INTNODE2434  1.881772e-11 9.930994e-01 0.0069006434
85.INTNODE2434  3.641823e-12 9.816183e-01 0.0183816626
169.INTNODE2434 1.151141e-16 1.866662e-03 0.9981333382
176.INTNODE2434 5.637306e-28 7.509812e-09 0.9999999925
201.INTNODE2434 1.642164e-13 5.845512e-01 0.4154487970
238.INTNODE2434 1.119821e-12 8.903530e-02 0.9109647041
488.INTNODE2434 8.409796e-13 7.724199e-01 0.2275800637
60.INTNODE2435  8.331837e-12 5.288879e-01 0.4711120646
171.INTNODE2435 7.182885e-12 1.509386e-01 0.8490614388
202.INTNODE2435 4.294385e-12 2.295852e-01 0.7704147960
206.INTNODE2435 2.082377e-12 2.315344e-01 0.7684656055
232.INTNODE2435 4.494635e-12 4.296863e-01 0.5703136638
261.INTNODE2435 4.678634e-13 8.315994e-01 0.1684005641
[1] 1.916666e-11 5.763273e-01 4.236727e-01
[1] "weights"
[1] 1.916666e-11 5.763273e-01 4.236727e-01
[1] "weights"
[1] 1.916666e-11 5.763273e-01 4.236727e-01
[1] "weights"
[1] 1.916666e-11 5.763273e-01 4.236727e-01
[1] "model lnL"
[1] -2786.244
[1] "------------Step 3"
[1] "Running in group mode"
[1] "expon_lambda root  0.00137748972431024"
[1] "staring with p = " "0.2"              
[1] "precision_p  8.65190160086891e-10"
          p_root lambda_weib_root 
    0.2000000000     0.0001688499 
[1] "Running in group mode"
[1] "expon_lambda root  0.00156880330788302"
[1] "staring with p = " "0.2"              
[1] "precision_p  5.6843418860808e-14"
          p_root lambda_weib_root 
     0.733604398      0.001144347 
[1] "Running in group mode"
[1] "expon_lambda root  0.00683642386696761"
[1] "staring with p = " "0.2"              
[1] "precision_p  7.56017470848747e-11"
          p_root lambda_weib_root 
     0.763023972      0.007496104 
                        [,1]         [,2]         [,3]
156.INTNODE1247 5.983571e-12 1.331781e-01 8.668219e-01
240.INTNODE1247 3.754835e-12 1.517434e-01 8.482566e-01
277.INTNODE1249 2.769865e-12 3.359906e-02 9.664009e-01
467.INTNODE1354 2.350443e-12 1.975902e-02 9.802410e-01
7.INTNODE1628   1.326705e-11 1.585355e-02 9.841465e-01
202.INTNODE1911 1.025846e-11 6.351197e-02 9.364880e-01
203.INTNODE2046 2.720558e-11 9.353825e-02 9.064617e-01
202.INTNODE2079 1.004986e-11 2.726523e-01 7.273477e-01
202.INTNODE2080 3.577941e-11 1.018175e-01 8.981825e-01
206.INTNODE2084 3.303649e-12 9.482486e-01 5.175137e-02
52.INTNODE2226  3.091148e-12 9.951588e-01 4.841203e-03
162.INTNODE2226 1.010847e-11 9.808648e-01 1.913522e-02
157.INTNODE2228 2.356224e-11 9.410236e-01 5.897640e-02
290.INTNODE2230 2.151351e-11 9.713729e-01 2.862712e-02
205.INTNODE2233 5.134596e-12 1.043579e-01 8.956421e-01
467.INTNODE2283 7.565491e-12 2.412508e-01 7.587492e-01
99.INTNODE2298  1.811345e-11 9.245324e-01 7.546763e-02
111.INTNODE2298 1.921954e-11 9.852340e-01 1.476605e-02
489.INTNODE2301 1.523607e-11 9.981936e-01 1.806354e-03
3.INTNODE2304   9.071665e-15 4.186065e-04 9.995814e-01
182.INTNODE2305 1.988001e-11 9.987482e-01 1.251824e-03
169.INTNODE2394 6.687210e-21 7.166442e-08 9.999999e-01
199.INTNODE2394 1.188242e-11 9.821672e-01 1.783276e-02
361.INTNODE2395 2.069937e-11 9.999419e-01 5.814867e-05
86.INTNODE2399  2.169240e-11 9.998666e-01 1.333520e-04
289.INTNODE2399 4.218384e-12 2.924149e-01 7.075851e-01
326.INTNODE2400 4.558332e-12 5.517314e-01 4.482686e-01
88.INTNODE2401  8.823342e-12 9.982589e-01 1.741120e-03
97.INTNODE2401  1.285486e-11 9.980673e-01 1.932688e-03
287.INTNODE2401 6.144720e-11 9.998674e-01 1.326152e-04
289.INTNODE2401 8.666025e-12 1.174708e-01 8.825292e-01
16.INTNODE2402  2.597208e-11 9.999061e-01 9.392111e-05
74.INTNODE2402  1.412320e-11 9.984018e-01 1.598212e-03
91.INTNODE2404  7.083658e-12 9.939087e-01 6.091302e-03
155.INTNODE2404 1.941613e-11 9.995446e-01 4.553833e-04
223.INTNODE2404 2.569144e-11 9.998778e-01 1.221882e-04
173.INTNODE2405 1.014838e-10 9.995893e-01 4.107296e-04
12.INTNODE2406  6.167803e-12 9.986555e-01 1.344511e-03
13.INTNODE2406  2.122859e-11 9.998866e-01 1.134316e-04
71.INTNODE2406  1.264741e-11 9.996497e-01 3.503039e-04
142.INTNODE2406 1.264138e-21 6.698367e-07 9.999993e-01
202.INTNODE2406 2.519762e-12 7.072362e-02 9.292764e-01
205.INTNODE2406 2.514924e-15 9.797196e-03 9.902028e-01
206.INTNODE2406 1.179361e-13 2.135156e-01 7.864844e-01
209.INTNODE2406 1.555075e-11 9.992848e-01 7.151761e-04
210.INTNODE2406 8.035425e-12 9.977330e-01 2.267013e-03
418.INTNODE2406 8.963088e-12 9.813786e-01 1.862139e-02
293.INTNODE2415 2.662126e-12 9.887431e-01 1.125686e-02
138.INTNODE2416 6.278589e-12 9.759614e-01 2.403862e-02
240.INTNODE2421 7.796666e-11 9.996138e-01 3.862012e-04
238.INTNODE2422 3.881490e-30 4.307035e-15 1.000000e+00
269.INTNODE2423 9.590369e-12 9.962766e-01 3.723433e-03
311.INTNODE2423 1.126717e-11 9.996081e-01 3.918842e-04
73.INTNODE2425  1.214626e-10 9.995155e-01 4.845292e-04
151.INTNODE2425 1.229184e-10 9.763768e-01 2.362320e-02
207.INTNODE2425 5.214637e-12 7.226206e-01 2.773794e-01
145.INTNODE2426 7.736264e-12 9.896309e-01 1.036912e-02
178.INTNODE2426 1.558059e-13 7.506595e-01 2.493405e-01
88.INTNODE2428  5.661451e-12 2.850007e-01 7.149993e-01
111.INTNODE2428 2.928890e-14 8.992912e-02 9.100709e-01
155.INTNODE2428 3.905393e-12 3.574306e-01 6.425694e-01
470.INTNODE2428 1.154393e-11 9.993056e-01 6.943680e-04
4.INTNODE2429   6.461076e-11 9.998760e-01 1.240110e-04
13.INTNODE2429  2.589604e-12 2.023977e-01 7.976023e-01
90.INTNODE2429  2.128523e-11 9.965715e-01 3.428524e-03
113.INTNODE2429 2.954294e-14 5.351759e-01 4.648241e-01
145.INTNODE2429 4.018945e-12 2.093036e-01 7.906964e-01
171.INTNODE2429 2.448128e-11 9.775140e-01 2.248599e-02
179.INTNODE2429 3.606369e-12 9.451952e-01 5.480483e-02
184.INTNODE2429 2.424759e-11 9.930560e-01 6.944018e-03
186.INTNODE2429 3.093787e-13 9.291397e-01 7.086029e-02
202.INTNODE2429 4.228240e-13 6.477576e-02 9.352242e-01
205.INTNODE2429 1.521565e-12 1.329591e-01 8.670409e-01
289.INTNODE2429 4.496116e-12 6.377632e-01 3.622368e-01
415.INTNODE2429 1.087371e-11 9.985990e-01 1.400971e-03
113.INTNODE2433 6.963105e-12 1.305766e-01 8.694234e-01
292.INTNODE2433 2.683997e-11 9.998600e-01 1.399887e-04
78.INTNODE2434  1.479672e-11 9.993567e-01 6.432658e-04
85.INTNODE2434  2.886193e-12 9.979684e-01 2.031559e-03
169.INTNODE2434 1.086622e-16 2.249891e-03 9.977501e-01
176.INTNODE2434 1.469672e-27 1.231969e-08 1.000000e+00
201.INTNODE2434 2.255698e-13 9.096367e-01 9.036327e-02
238.INTNODE2434 9.619743e-13 1.152766e-01 8.847234e-01
488.INTNODE2434 9.165237e-13 9.642851e-01 3.571493e-02
60.INTNODE2435  6.308215e-12 6.522850e-01 3.477150e-01
171.INTNODE2435 6.210796e-12 1.991080e-01 8.008920e-01
202.INTNODE2435 3.244968e-12 2.807854e-01 7.192146e-01
206.INTNODE2435 1.915331e-12 3.257784e-01 6.742216e-01
232.INTNODE2435 3.239039e-12 5.184438e-01 4.815562e-01
261.INTNODE2435 4.680371e-13 9.762591e-01 2.374085e-02
[1] 1.450961e-11 6.333507e-01 3.666493e-01
[1] "weights"
[1] 1.450961e-11 6.333507e-01 3.666493e-01
[1] "weights"
[1] 1.450961e-11 6.333507e-01 3.666493e-01
[1] "weights"
[1] 1.450961e-11 6.333507e-01 3.666493e-01
[1] "model lnL"
[1] -2780.123
[1] "------------Step 4"
[1] "Running in group mode"
[1] "expon_lambda root  0.00147912406392218"
[1] "staring with p = " "0.2"              
[1] "precision_p  7.10509109195996e-10"
          p_root lambda_weib_root 
    0.2000000000     0.0002799142 
[1] "Running in group mode"
[1] "expon_lambda root  0.00164046544583713"
[1] "staring with p = " "0.2"              
[1] "precision_p  4.83169060316868e-13"
          p_root lambda_weib_root 
     0.735275015      0.001218217 
[1] "Running in group mode"
[1] "expon_lambda root  0.00767713147313186"
[1] "staring with p = " "0.2"              
[1] "precision_p  1.28181909531122e-11"
          p_root lambda_weib_root 
     0.786972222      0.008448677 
                        [,1]         [,2]         [,3]
156.INTNODE1247 5.402478e-12 1.592428e-01 8.407572e-01
240.INTNODE1247 3.192882e-12 1.742407e-01 8.257593e-01
277.INTNODE1249 2.711464e-12 3.984463e-02 9.601554e-01
467.INTNODE1354 2.523298e-12 2.470957e-02 9.752904e-01
7.INTNODE1628   1.543272e-11 2.225960e-02 9.777404e-01
202.INTNODE1911 9.229582e-12 8.546897e-02 9.145310e-01
203.INTNODE2046 2.916314e-11 1.265889e-01 8.734111e-01
202.INTNODE2079 7.355013e-12 3.236262e-01 6.763738e-01
202.INTNODE2080 3.509109e-11 1.421664e-01 8.578336e-01
206.INTNODE2084 1.311112e-12 9.604744e-01 3.952557e-02
52.INTNODE2226  1.139759e-12 9.968882e-01 3.111827e-03
162.INTNODE2226 4.149965e-12 9.882082e-01 1.179176e-02
157.INTNODE2228 1.388660e-11 9.700642e-01 2.993575e-02
290.INTNODE2230 1.271297e-11 9.869489e-01 1.305107e-02
205.INTNODE2233 7.526314e-12 1.819445e-01 8.180555e-01
467.INTNODE2283 6.225920e-12 2.830508e-01 7.169492e-01
99.INTNODE2298  1.285607e-11 9.696693e-01 3.033074e-02
111.INTNODE2298 1.205768e-11 9.949348e-01 5.065190e-03
489.INTNODE2301 9.402637e-12 9.996420e-01 3.579660e-04
3.INTNODE2304   3.026811e-14 1.038213e-03 9.989618e-01
182.INTNODE2305 1.186319e-11 9.997776e-01 2.224398e-04
169.INTNODE2394 1.560749e-20 7.909750e-08 9.999999e-01
199.INTNODE2394 7.065349e-12 9.923341e-01 7.665856e-03
361.INTNODE2395 1.146195e-11 9.999926e-01 7.418497e-06
86.INTNODE2399  1.267370e-11 9.999823e-01 1.772149e-05
289.INTNODE2399 9.369471e-12 6.443169e-01 3.556831e-01
326.INTNODE2400 6.716316e-12 8.501632e-01 1.498368e-01
88.INTNODE2401  6.224708e-12 9.997598e-01 2.401895e-04
97.INTNODE2401  9.155741e-12 9.997384e-01 2.615938e-04
287.INTNODE2401 3.871073e-11 9.999866e-01 1.341344e-05
289.INTNODE2401 8.036392e-12 1.431630e-01 8.568370e-01
16.INTNODE2402  1.679895e-11 9.999921e-01 7.850586e-06
74.INTNODE2402  1.056839e-11 9.998339e-01 1.661248e-04
91.INTNODE2404  5.802175e-12 9.993352e-01 6.648103e-04
155.INTNODE2404 1.387084e-11 9.999601e-01 3.987654e-05
223.INTNODE2404 1.710184e-11 9.999902e-01 9.787665e-06
173.INTNODE2405 7.423235e-11 9.999704e-01 2.956531e-05
12.INTNODE2406  4.551608e-12 9.998650e-01 1.349796e-04
13.INTNODE2406  1.378821e-11 9.999908e-01 9.233215e-06
71.INTNODE2406  8.766513e-12 9.999695e-01 3.051554e-05
142.INTNODE2406 4.711763e-21 1.180658e-06 9.999988e-01
202.INTNODE2406 6.121034e-12 1.750929e-01 8.249071e-01
205.INTNODE2406 4.391835e-15 1.661694e-02 9.833831e-01
206.INTNODE2406 2.457553e-13 4.632351e-01 5.367649e-01
209.INTNODE2406 1.085295e-11 9.999272e-01 7.280447e-05
210.INTNODE2406 5.981999e-12 9.997487e-01 2.512804e-04
418.INTNODE2406 7.901104e-12 9.979504e-01 2.049624e-03
293.INTNODE2415 2.204784e-12 9.987063e-01 1.293688e-03
138.INTNODE2416 5.906348e-12 9.977293e-01 2.270658e-03
240.INTNODE2421 5.723410e-11 9.999773e-01 2.266778e-05
238.INTNODE2422 2.054610e-29 3.566896e-15 1.000000e+00
269.INTNODE2423 7.142454e-12 9.995194e-01 4.805980e-04
311.INTNODE2423 8.361076e-12 9.999722e-01 2.782555e-05
73.INTNODE2425  9.482100e-11 9.999733e-01 2.674777e-05
151.INTNODE2425 1.225908e-10 9.984032e-01 1.596792e-03
207.INTNODE2425 3.999850e-12 8.150554e-01 1.849446e-01
145.INTNODE2426 6.893174e-12 9.991008e-01 8.991938e-04
178.INTNODE2426 2.047889e-13 9.580819e-01 4.191815e-02
88.INTNODE2428  6.132476e-12 3.991634e-01 6.008366e-01
111.INTNODE2428 5.912812e-14 1.888544e-01 8.111456e-01
155.INTNODE2428 3.304491e-12 4.243392e-01 5.756608e-01
470.INTNODE2428 8.886785e-12 9.999522e-01 4.776994e-05
4.INTNODE2429   4.815164e-11 9.999944e-01 5.569022e-06
13.INTNODE2429  2.561092e-12 2.623156e-01 7.376844e-01
90.INTNODE2429  1.822701e-11 9.997708e-01 2.291601e-04
113.INTNODE2429 5.438680e-14 8.979916e-01 1.020084e-01
145.INTNODE2429 3.412005e-12 2.440116e-01 7.559884e-01
171.INTNODE2429 2.481285e-11 9.985735e-01 1.426451e-03
179.INTNODE2429 3.619871e-12 9.944191e-01 5.580934e-03
184.INTNODE2429 2.243888e-11 9.995770e-01 4.230210e-04
186.INTNODE2429 3.227900e-13 9.923036e-01 7.696387e-03
202.INTNODE2429 4.180675e-13 7.886649e-02 9.211335e-01
205.INTNODE2429 1.432645e-12 1.627456e-01 8.372544e-01
289.INTNODE2429 3.627320e-12 7.395502e-01 2.604498e-01
415.INTNODE2429 9.084300e-12 9.999180e-01 8.196952e-05
113.INTNODE2433 6.311545e-12 1.568269e-01 8.431731e-01
292.INTNODE2433 2.019488e-11 9.999939e-01 6.071453e-06
78.INTNODE2434  1.187818e-11 9.999671e-01 3.287347e-05
85.INTNODE2434  2.418482e-12 9.998737e-01 1.262652e-04
169.INTNODE2434 1.082356e-16 2.230827e-03 9.977692e-01
176.INTNODE2434 3.913496e-27 1.300034e-08 1.000000e+00
201.INTNODE2434 2.457613e-13 9.907552e-01 9.244840e-03
238.INTNODE2434 8.639605e-13 1.350743e-01 8.649257e-01
488.INTNODE2434 9.064147e-13 9.969668e-01 3.033182e-03
60.INTNODE2435  5.228806e-12 7.675259e-01 2.324741e-01
171.INTNODE2435 5.477164e-12 2.389983e-01 7.610017e-01
202.INTNODE2435 2.685411e-12 3.255901e-01 6.744099e-01
206.INTNODE2435 1.928163e-12 4.339734e-01 5.660266e-01
232.INTNODE2435 2.665567e-12 6.106232e-01 3.893768e-01
261.INTNODE2435 4.538326e-13 9.982018e-01 1.798231e-03
[1] 1.151588e-11 6.724130e-01 3.275870e-01
[1] "weights"
[1] 1.151588e-11 6.724130e-01 3.275870e-01
[1] "weights"
[1] 1.151588e-11 6.724130e-01 3.275870e-01
[1] "weights"
[1] 1.151588e-11 6.724130e-01 3.275870e-01
[1] "model lnL"
[1] -2777.577
[1] "------------Step 5"
[1] "Running in group mode"
[1] "expon_lambda root  0.00157326680405487"
[1] "staring with p = " "0.2"              
[1] "precision_p  6.02268760968995e-10"
          p_root lambda_weib_root 
    0.2000000000     0.0004120125 
[1] "Running in group mode"
[1] "expon_lambda root  0.00168820043334709"
[1] "staring with p = " "0.2"              
[1] "precision_p  8.5265128291212e-13"
          p_root lambda_weib_root 
     0.730630346      0.001255371 
[1] "Running in group mode"
[1] "expon_lambda root  0.00811679405948124"
[1] "staring with p = " "0.2"              
[1] "precision_p  8.5265128291212e-13"
          p_root lambda_weib_root 
      0.78841205       0.00905478 
                        [,1]         [,2]         [,3]
156.INTNODE1247 4.816833e-12 1.797888e-01 8.202112e-01
240.INTNODE1247 2.786016e-12 1.942231e-01 8.057769e-01
277.INTNODE1249 2.507982e-12 4.388767e-02 9.561123e-01
467.INTNODE1354 2.500244e-12 2.858644e-02 9.714136e-01
7.INTNODE1628   1.494048e-11 2.684403e-02 9.731560e-01
202.INTNODE1911 7.550737e-12 1.030892e-01 8.969108e-01
203.INTNODE2046 2.746325e-11 1.486219e-01 8.513781e-01
202.INTNODE2079 5.512020e-12 3.711202e-01 6.288798e-01
202.INTNODE2080 3.085674e-11 1.771178e-01 8.228822e-01
206.INTNODE2084 5.916032e-13 9.741062e-01 2.589377e-02
52.INTNODE2226  4.803522e-13 9.984468e-01 1.553223e-03
162.INTNODE2226 1.873060e-12 9.940885e-01 5.911535e-03
157.INTNODE2228 8.562243e-12 9.856270e-01 1.437299e-02
290.INTNODE2230 7.994093e-12 9.940318e-01 5.968188e-03
205.INTNODE2233 1.000399e-11 2.925123e-01 7.074877e-01
467.INTNODE2283 5.267256e-12 3.227020e-01 6.772980e-01
99.INTNODE2298  9.287465e-12 9.872037e-01 1.279628e-02
111.INTNODE2298 8.025995e-12 9.980952e-01 1.904781e-03
489.INTNODE2301 6.138865e-12 9.999153e-01 8.468070e-05
3.INTNODE2304   8.423387e-14 2.433773e-03 9.975662e-01
182.INTNODE2305 7.465387e-12 9.999513e-01 4.866336e-05
169.INTNODE2394 4.064053e-20 1.141997e-07 9.999999e-01
199.INTNODE2394 4.559223e-12 9.965435e-01 3.456471e-03
361.INTNODE2395 6.889626e-12 9.999987e-01 1.278799e-06
86.INTNODE2399  7.984668e-12 9.999968e-01 3.247770e-06
289.INTNODE2399 1.216491e-11 8.655867e-01 1.344133e-01
326.INTNODE2400 7.070941e-12 9.544688e-01 4.553125e-02
88.INTNODE2401  4.603606e-12 9.999545e-01 4.552904e-05
97.INTNODE2401  6.791390e-12 9.999506e-01 4.944726e-05
287.INTNODE2401 2.565880e-11 9.999979e-01 2.113335e-06
289.INTNODE2401 7.176666e-12 1.619626e-01 8.380374e-01
16.INTNODE2402  1.150262e-11 9.999989e-01 1.074392e-06
74.INTNODE2402  8.153757e-12 9.999734e-01 2.656224e-05
91.INTNODE2404  4.834843e-12 9.998903e-01 1.097441e-04
155.INTNODE2404 1.031265e-11 9.999943e-01 5.718912e-06
223.INTNODE2404 1.200334e-11 9.999987e-01 1.319294e-06
173.INTNODE2405 5.497559e-11 9.999962e-01 3.819343e-06
12.INTNODE2406  3.501976e-12 9.999793e-01 2.073086e-05
13.INTNODE2406  9.482641e-12 9.999988e-01 1.247326e-06
71.INTNODE2406  6.375012e-12 9.999957e-01 4.284484e-06
142.INTNODE2406 1.895580e-20 2.487049e-06 9.999975e-01
202.INTNODE2406 1.086021e-11 3.272330e-01 6.727670e-01
205.INTNODE2406 8.185580e-15 2.965639e-02 9.703436e-01
206.INTNODE2406 3.690563e-13 7.122856e-01 2.877144e-01
209.INTNODE2406 7.924093e-12 9.999884e-01 1.159790e-05
210.INTNODE2406 4.621535e-12 9.999580e-01 4.199179e-05
418.INTNODE2406 6.868094e-12 9.996602e-01 3.397806e-04
293.INTNODE2415 1.867708e-12 9.997784e-01 2.216176e-04
138.INTNODE2416 5.426970e-12 9.996567e-01 3.432918e-04
240.INTNODE2421 4.240247e-11 9.999974e-01 2.560739e-06
238.INTNODE2422 1.049939e-28 4.023682e-15 1.000000e+00
269.INTNODE2423 5.556512e-12 9.999064e-01 9.355501e-05
311.INTNODE2423 6.456232e-12 9.999966e-01 3.444694e-06
73.INTNODE2425  7.387989e-11 9.999970e-01 2.953093e-06
151.INTNODE2425 1.134450e-10 9.997964e-01 2.036161e-04
207.INTNODE2425 3.169469e-12 8.766432e-01 1.233568e-01
145.INTNODE2426 6.131047e-12 9.998690e-01 1.310320e-04
178.INTNODE2426 2.215517e-13 9.920471e-01 7.952935e-03
88.INTNODE2428  6.236485e-12 5.028959e-01 4.971041e-01
111.INTNODE2428 1.059749e-13 3.401315e-01 6.598685e-01
155.INTNODE2428 2.911915e-12 4.887300e-01 5.112700e-01
470.INTNODE2428 7.071144e-12 9.999941e-01 5.944137e-06
4.INTNODE2429   3.655259e-11 9.999995e-01 5.292614e-07
13.INTNODE2429  2.547843e-12 3.248284e-01 6.751716e-01
90.INTNODE2429  1.560099e-11 9.999712e-01 2.876146e-05
113.INTNODE2429 6.607096e-14 9.801446e-01 1.985538e-02
145.INTNODE2429 2.999843e-12 2.772249e-01 7.227751e-01
171.INTNODE2429 2.378464e-11 9.998292e-01 1.707963e-04
179.INTNODE2429 3.462299e-12 9.991083e-01 8.916919e-04
184.INTNODE2429 2.027676e-11 9.999505e-01 4.949223e-05
186.INTNODE2429 3.237146e-13 9.988058e-01 1.194211e-03
202.INTNODE2429 4.356034e-13 9.671345e-02 9.032866e-01
205.INTNODE2429 1.393959e-12 1.953248e-01 8.046752e-01
289.INTNODE2429 3.004185e-12 8.138642e-01 1.861358e-01
415.INTNODE2429 7.683364e-12 9.999909e-01 9.077761e-06
113.INTNODE2433 5.613034e-12 1.771394e-01 8.228606e-01
292.INTNODE2433 1.561520e-11 9.999994e-01 5.593814e-07
78.INTNODE2434  9.720883e-12 9.999966e-01 3.385967e-06
85.INTNODE2434  2.084030e-12 9.999856e-01 1.442072e-05
169.INTNODE2434 1.370517e-16 2.668590e-03 9.973314e-01
176.INTNODE2434 1.640667e-26 2.201815e-08 1.000000e+00
201.INTNODE2434 2.523495e-13 9.986281e-01 1.371886e-03
238.INTNODE2434 8.216810e-13 1.582575e-01 8.417425e-01
488.INTNODE2434 8.806617e-13 9.995798e-01 4.202075e-04
60.INTNODE2435  4.344741e-12 8.427170e-01 1.572830e-01
171.INTNODE2435 4.870251e-12 2.743939e-01 7.256061e-01
202.INTNODE2435 2.346736e-12 3.717068e-01 6.282932e-01
206.INTNODE2435 1.918438e-12 5.370780e-01 4.629220e-01
232.INTNODE2435 2.280887e-12 6.903183e-01 3.096817e-01
261.INTNODE2435 4.403789e-13 9.997731e-01 2.268718e-04
[1] 9.373399e-12 6.978544e-01 3.021456e-01
[1] "weights"
[1] 9.373399e-12 6.978544e-01 3.021456e-01
[1] "weights"
[1] 9.373399e-12 6.978544e-01 3.021456e-01
[1] "weights"
[1] 9.373399e-12 6.978544e-01 3.021456e-01
[1] "model lnL"
[1] -2776.783
[1] "------------Step 6"
[1] "Running in group mode"
[1] "expon_lambda root  0.00165527974152331"
[1] "staring with p = " "0.2"              
[1] "precision_p  5.10299095215458e-10"
          p_root lambda_weib_root 
    0.2000000000     0.0005499015 
[1] "Running in group mode"
[1] "expon_lambda root  0.00171615308653372"
[1] "staring with p = " "0.2"              
[1] "precision_p  6.3664629124105e-12"
          p_root lambda_weib_root 
     0.726190464      0.001273822 
[1] "Running in group mode"
[1] "expon_lambda root  0.00832655070262002"
[1] "staring with p = " "0.2"              
[1] "precision_p  3.41060513164848e-13"
          p_root lambda_weib_root 
     0.786132902      0.009387559 
                        [,1]         [,2]         [,3]
156.INTNODE1247 4.277819e-12 1.968040e-01 8.031960e-01
240.INTNODE1247 2.473548e-12 2.126875e-01 7.873125e-01
277.INTNODE1249 2.294871e-12 4.743933e-02 9.525607e-01
467.INTNODE1354 2.400616e-12 3.214466e-02 9.678553e-01
7.INTNODE1628   1.330626e-11 3.035413e-02 9.696459e-01
202.INTNODE1911 5.948859e-12 1.173381e-01 8.826619e-01
203.INTNODE2046 2.418949e-11 1.626694e-01 8.373306e-01
202.INTNODE2079 4.202149e-12 4.122068e-01 5.877932e-01
202.INTNODE2080 2.556588e-11 2.057508e-01 7.942492e-01
206.INTNODE2084 3.000023e-13 9.827793e-01 1.722074e-02
52.INTNODE2226  2.309833e-13 9.991902e-01 8.098375e-04
162.INTNODE2226 9.372903e-13 9.968737e-01 3.126318e-03
157.INTNODE2228 5.548968e-12 9.920319e-01 7.968075e-03
290.INTNODE2230 5.316684e-12 9.966823e-01 3.317721e-03
205.INTNODE2233 1.131536e-11 4.009543e-01 5.990457e-01
467.INTNODE2283 4.507770e-12 3.579193e-01 6.420807e-01
99.INTNODE2298  6.890624e-12 9.930377e-01 6.962329e-03
111.INTNODE2298 5.610321e-12 9.990245e-01 9.754909e-04
489.INTNODE2301 4.199733e-12 9.999670e-01 3.303859e-05
3.INTNODE2304   1.738476e-13 4.562010e-03 9.954380e-01
182.INTNODE2305 4.920553e-12 9.999817e-01 1.826638e-05
169.INTNODE2394 1.031278e-19 1.767652e-07 9.999998e-01
199.INTNODE2394 3.134175e-12 9.980254e-01 1.974629e-03
361.INTNODE2395 4.392490e-12 9.999996e-01 4.325710e-07
86.INTNODE2399  5.296430e-12 9.999988e-01 1.162248e-06
289.INTNODE2399 1.235736e-11 9.351979e-01 6.480209e-02
326.INTNODE2400 6.707347e-12 9.793318e-01 2.066822e-02
88.INTNODE2401  3.508043e-12 9.999832e-01 1.682771e-05
97.INTNODE2401  5.166266e-12 9.999817e-01 1.833805e-05
287.INTNODE2401 1.751987e-11 9.999993e-01 7.264139e-07
289.INTNODE2401 6.318308e-12 1.768125e-01 8.231875e-01
16.INTNODE2402  8.119509e-12 9.999996e-01 3.517006e-07
74.INTNODE2402  6.379750e-12 9.999906e-01 9.366026e-06
91.INTNODE2404  4.052568e-12 9.999604e-01 3.961245e-05
155.INTNODE2404 7.802748e-12 9.999981e-01 1.944020e-06
223.INTNODE2404 8.645098e-12 9.999996e-01 4.360186e-07
173.INTNODE2405 4.062915e-11 9.999987e-01 1.252794e-06
12.INTNODE2406  2.752911e-12 9.999928e-01 7.194874e-06
13.INTNODE2406  6.721306e-12 9.999996e-01 4.111715e-07
71.INTNODE2406  4.750565e-12 9.999986e-01 1.431906e-06
142.INTNODE2406 6.015599e-20 4.419659e-06 9.999956e-01
202.INTNODE2406 1.375991e-11 4.476473e-01 5.523527e-01
205.INTNODE2406 1.324701e-14 4.543472e-02 9.545653e-01
206.INTNODE2406 4.235369e-13 8.286795e-01 1.713205e-01
209.INTNODE2406 5.922650e-12 9.999959e-01 4.139960e-06
210.INTNODE2406 3.639327e-12 9.999847e-01 1.525867e-05
418.INTNODE2406 5.920159e-12 9.998770e-01 1.230176e-04
293.INTNODE2415 1.599885e-12 9.999165e-01 8.353417e-05
138.INTNODE2416 4.905575e-12 9.998767e-01 1.233069e-04
240.INTNODE2421 3.124318e-11 9.999992e-01 8.111257e-07
238.INTNODE2422 4.732115e-28 5.052162e-15 1.000000e+00
269.INTNODE2423 4.413683e-12 9.999618e-01 3.817277e-05
311.INTNODE2423 5.053191e-12 9.999989e-01 1.124012e-06
73.INTNODE2425  5.660264e-11 9.999991e-01 9.399994e-07
151.INTNODE2425 9.958237e-11 9.999305e-01 6.947481e-05
207.INTNODE2425 2.551588e-12 9.079898e-01 9.201021e-02
145.INTNODE2426 5.396841e-12 9.999529e-01 4.714436e-05
178.INTNODE2426 2.322256e-13 9.968882e-01 3.111778e-03
88.INTNODE2428  5.873067e-12 5.716943e-01 4.283057e-01
111.INTNODE2428 1.452133e-13 4.595326e-01 5.404674e-01
155.INTNODE2428 2.571040e-12 5.384530e-01 4.615470e-01
470.INTNODE2428 5.665689e-12 9.999980e-01 1.998077e-06
4.INTNODE2429   2.756759e-11 9.999998e-01 1.604581e-07
13.INTNODE2429  2.448377e-12 3.758418e-01 6.241582e-01
90.INTNODE2429  1.314601e-11 9.999901e-01 9.930662e-06
113.INTNODE2429 7.427559e-14 9.922345e-01 7.765497e-03
145.INTNODE2429 2.670757e-12 3.066535e-01 6.933465e-01
171.INTNODE2429 2.183726e-11 9.999424e-01 5.755290e-05
179.INTNODE2429 3.245418e-12 9.996606e-01 3.394181e-04
184.INTNODE2429 1.778131e-11 9.999835e-01 1.648915e-05
186.INTNODE2429 3.226891e-13 9.995632e-01 4.368300e-04
202.INTNODE2429 4.526969e-13 1.148214e-01 8.851786e-01
205.INTNODE2429 1.347136e-12 2.250576e-01 7.749424e-01
289.INTNODE2429 2.499853e-12 8.547954e-01 1.452046e-01
415.INTNODE2429 6.445996e-12 9.999971e-01 2.912903e-06
113.INTNODE2433 4.961766e-12 1.938704e-01 8.061296e-01
292.INTNODE2433 1.205066e-11 9.999998e-01 1.698575e-07
78.INTNODE2434  7.906733e-12 9.999989e-01 1.082713e-06
85.INTNODE2434  1.799396e-12 9.999952e-01 4.771198e-06
169.INTNODE2434 1.852969e-16 3.287848e-03 9.967122e-01
176.INTNODE2434 6.290862e-26 3.459432e-08 1.000000e+00
201.INTNODE2434 2.564708e-13 9.994964e-01 5.035658e-04
238.INTNODE2434 7.918036e-13 1.809454e-01 8.190546e-01
488.INTNODE2434 8.468563e-13 9.998482e-01 1.518153e-04
60.INTNODE2435  3.594668e-12 8.800466e-01 1.199534e-01
171.INTNODE2435 4.321202e-12 3.039790e-01 6.960210e-01
202.INTNODE2435 2.083523e-12 4.116737e-01 5.883263e-01
206.INTNODE2435 1.810007e-12 6.058926e-01 3.941074e-01
232.INTNODE2435 1.954979e-12 7.416374e-01 2.583626e-01
261.INTNODE2435 4.254764e-13 9.999213e-01 7.865232e-05
[1] 7.633596e-12 7.134957e-01 2.865043e-01
[1] "weights"
[1] 7.633596e-12 7.134957e-01 2.865043e-01
[1] "weights"
[1] 7.633596e-12 7.134957e-01 2.865043e-01
[1] "weights"
[1] 7.633596e-12 7.134957e-01 2.865043e-01
[1] "model lnL"
[1] -2776.545
[1] "------------Step 7"
[1] "Running in group mode"
[1] "expon_lambda root  0.00172563468687208"
[1] "staring with p = " "0.2"              
[1] "precision_p  4.27474695438477e-10"
          p_root lambda_weib_root 
    0.2000000000     0.0006866753 
[1] "Running in group mode"
[1] "expon_lambda root  0.00173192849816283"
[1] "staring with p = " "0.2"              
[1] "precision_p  1.81898940354586e-12"
          p_root lambda_weib_root 
     0.722995842      0.001282959 
[1] "Running in group mode"
[1] "expon_lambda root  0.00842806472352476"
[1] "staring with p = " "0.2"              
[1] "precision_p  2.8421709430404e-13"
          p_root lambda_weib_root 
     0.784408441      0.009563115 
                        [,1]         [,2]         [,3]
156.INTNODE1247 3.732629e-12 2.094813e-01 7.905187e-01
240.INTNODE1247 2.160673e-12 2.266308e-01 7.733692e-01
277.INTNODE1249 2.072445e-12 5.045687e-02 9.495431e-01
467.INTNODE1354 2.237966e-12 3.506628e-02 9.649337e-01
7.INTNODE1628   1.162081e-11 3.317811e-02 9.668219e-01
202.INTNODE1911 4.682148e-12 1.282378e-01 8.717622e-01
203.INTNODE2046 2.087719e-11 1.727138e-01 8.272862e-01
202.INTNODE2079 3.215438e-12 4.408690e-01 5.591310e-01
202.INTNODE2080 2.075689e-11 2.267793e-01 7.732207e-01
206.INTNODE2084 1.671072e-13 9.867922e-01 1.320781e-02
52.INTNODE2226  1.230755e-13 9.994635e-01 5.365226e-04
162.INTNODE2226 5.151784e-13 9.979150e-01 2.084962e-03
157.INTNODE2228 3.750194e-12 9.944453e-01 5.554671e-03
290.INTNODE2230 3.672554e-12 9.976587e-01 2.341312e-03
205.INTNODE2233 1.107206e-11 4.744329e-01 5.255671e-01
467.INTNODE2283 3.793217e-12 3.828319e-01 6.171681e-01
99.INTNODE2298  5.191150e-12 9.951066e-01 4.893374e-03
111.INTNODE2298 4.028730e-12 9.993331e-01 6.669005e-04
489.INTNODE2301 2.948301e-12 9.999803e-01 1.966076e-05
3.INTNODE2304   2.668059e-13 6.692944e-03 9.933071e-01
182.INTNODE2305 3.347963e-12 9.999893e-01 1.067172e-05
169.INTNODE2394 2.062816e-19 2.413410e-07 9.999998e-01
199.INTNODE2394 2.225324e-12 9.985689e-01 1.431143e-03
361.INTNODE2395 2.897151e-12 9.999998e-01 2.429404e-07
86.INTNODE2399  3.611239e-12 9.999993e-01 6.755111e-07
289.INTNODE2399 1.155984e-11 9.576056e-01 4.239438e-02
326.INTNODE2400 6.087179e-12 9.866671e-01 1.333293e-02
88.INTNODE2401  2.683252e-12 9.999900e-01 9.970579e-06
97.INTNODE2401  3.944894e-12 9.999891e-01 1.089144e-05
287.INTNODE2401 1.219997e-11 9.999996e-01 4.185774e-07
289.INTNODE2401 5.477830e-12 1.879762e-01 8.120238e-01
16.INTNODE2402  5.804664e-12 9.999998e-01 1.999968e-07
74.INTNODE2402  4.975655e-12 9.999945e-01 5.496122e-06
91.INTNODE2404  3.347627e-12 9.999764e-01 2.355795e-05
155.INTNODE2404 5.910688e-12 9.999989e-01 1.129338e-06
223.INTNODE2404 6.282468e-12 9.999997e-01 2.504839e-07
173.INTNODE2405 3.012060e-11 9.999993e-01 7.175480e-07
12.INTNODE2406  2.156018e-12 9.999958e-01 4.204659e-06
13.INTNODE2406  4.822620e-12 9.999998e-01 2.357157e-07
71.INTNODE2406  3.554838e-12 9.999992e-01 8.243260e-07
142.INTNODE2406 1.336095e-19 6.258548e-06 9.999937e-01
202.INTNODE2406 1.446625e-11 5.189743e-01 4.810257e-01
205.INTNODE2406 1.731233e-14 5.840177e-02 9.415982e-01
206.INTNODE2406 4.270096e-13 8.747434e-01 1.252566e-01
209.INTNODE2406 4.449107e-12 9.999975e-01 2.457237e-06
210.INTNODE2406 2.856758e-12 9.999909e-01 9.112513e-06
418.INTNODE2406 5.004492e-12 9.999268e-01 7.315430e-05
293.INTNODE2415 1.347526e-12 9.999488e-01 5.120260e-05
138.INTNODE2416 4.308621e-12 9.999259e-01 7.407630e-05
240.INTNODE2421 2.308823e-11 9.999995e-01 4.623619e-07
238.INTNODE2422 1.614465e-27 6.134424e-15 1.000000e+00
269.INTNODE2423 3.495310e-12 9.999756e-01 2.439016e-05
311.INTNODE2423 3.931439e-12 9.999994e-01 6.489153e-07
73.INTNODE2425  4.314924e-11 9.999995e-01 5.397058e-07
151.INTNODE2425 8.505076e-11 9.999590e-01 4.098101e-05
207.INTNODE2425 2.046339e-12 9.227382e-01 7.726178e-02
145.INTNODE2426 4.635460e-12 9.999714e-01 2.856103e-05
178.INTNODE2426 2.308498e-13 9.980597e-01 1.940311e-03
88.INTNODE2428  5.220582e-12 6.111206e-01 3.888794e-01
