[1] "Initial parameters:"
           lambda         p
[1,] 0.0009882628 4.3571470
[2,] 0.0055694348 0.3859347
[3,] 0.0224605742 0.4939969
[1] 0.3333333 0.3333333 0.3333333
[1] "------------Step 1"
[1] "Running in group mode"
[1] "expon_lambda root  0.000597573311985428"
[1] "staring with p = " "0.2"              
[1] "precision_p  4.61481793667673e-07"
          p_root lambda_weib_root 
     2.512542668      0.001562544 
[1] "Running in group mode"
[1] "expon_lambda root  0.00195669445331913"
[1] "staring with p = " "0.2"              
[1] "precision_p  3.60387275577523e-11"
          p_root lambda_weib_root 
     0.661467669      0.001376634 
[1] "Running in group mode"
[1] "expon_lambda root  0.00882337150540687"
[1] "staring with p = " "0.2"              
[1] "precision_p  2.27373675443232e-13"
          p_root lambda_weib_root 
      0.76643087       0.01090637 
                         [,1]         [,2]         [,3]
156.INTNODE1247  1.647088e-13 3.309515e-01 6.690485e-01
240.INTNODE1247  1.590630e-11 3.472205e-01 6.527795e-01
277.INTNODE1249  4.427909e-21 1.817232e-01 8.182768e-01
467.INTNODE1354  2.753084e-27 2.630406e-01 7.369594e-01
7.INTNODE1628    2.401525e-35 3.650569e-01 6.349431e-01
202.INTNODE1911  3.518995e-27 5.164237e-01 4.835763e-01
203.INTNODE2046  7.579585e-20 3.173087e-01 6.826913e-01
202.INTNODE2079  7.061051e-16 7.272842e-01 2.727158e-01
202.INTNODE2080  6.828735e-28 7.328787e-01 2.671213e-01
206.INTNODE2084  4.414758e-12 9.988787e-01 1.121284e-03
52.INTNODE2226   9.482522e-15 9.999909e-01 9.127097e-06
162.INTNODE2226  7.267849e-24 9.999842e-01 1.580574e-05
157.INTNODE2228  1.665325e-21 9.997835e-01 2.165140e-04
290.INTNODE2230  1.082928e-14 9.996574e-01 3.426392e-04
205.INTNODE2233  1.740256e-37 9.879733e-01 1.202665e-02
467.INTNODE2283  1.347428e-12 5.976649e-01 4.023351e-01
99.INTNODE2298   1.101785e-17 9.991036e-01 8.963778e-04
111.INTNODE2298  2.860725e-12 9.997391e-01 2.608755e-04
489.INTNODE2301  1.603012e-14 9.999915e-01 8.536986e-06
3.INTNODE2304    3.718331e-68 9.551297e-01 4.487027e-02
182.INTNODE2305  7.089612e-16 9.999952e-01 4.842659e-06
169.INTNODE2394  8.535458e-87 4.307708e-02 9.569229e-01
199.INTNODE2394  1.320713e-06 9.990655e-01 9.331564e-04
361.INTNODE2395  1.287657e-03 9.987114e-01 9.622534e-07
86.INTNODE2399   1.055584e-03 9.989409e-01 3.477660e-06
289.INTNODE2399  8.566162e-39 9.983279e-01 1.672088e-03
326.INTNODE2400  1.961684e-31 9.985078e-01 1.492196e-03
88.INTNODE2401   4.058522e-10 9.999723e-01 2.765837e-05
97.INTNODE2401   2.020572e-11 9.999713e-01 2.865333e-05
287.INTNODE2401  3.983701e-06 9.999919e-01 4.105058e-06
289.INTNODE2401  2.470476e-15 3.244626e-01 6.755374e-01
16.INTNODE2402   2.733230e-02 9.726625e-01 5.225212e-06
74.INTNODE2402   9.042201e-11 9.999637e-01 3.625145e-05
91.INTNODE2404   2.463225e-13 9.998842e-01 1.157962e-04
155.INTNODE2404  2.722418e-06 9.999764e-01 2.087809e-05
223.INTNODE2404  4.711021e-02 9.528810e-01 8.757652e-06
173.INTNODE2405  8.949646e-12 9.999879e-01 1.214072e-05
12.INTNODE2406   6.213132e-08 9.999583e-01 4.167350e-05
13.INTNODE2406   8.390527e-02 9.160873e-01 7.454054e-06
71.INTNODE2406   4.529358e-05 9.999387e-01 1.596379e-05
142.INTNODE2406  1.156868e-65 2.448777e-02 9.755122e-01
202.INTNODE2406  4.009114e-34 9.283623e-01 7.163766e-02
205.INTNODE2406  4.689713e-28 6.273244e-01 3.726756e-01
206.INTNODE2406  2.645981e-23 9.742219e-01 2.577812e-02
209.INTNODE2406  1.973827e-06 9.999653e-01 3.275117e-05
210.INTNODE2406  2.753120e-09 9.999307e-01 6.924949e-05
418.INTNODE2406  1.620793e-19 9.998235e-01 1.764814e-04
293.INTNODE2415  1.646507e-10 9.995877e-01 4.122946e-04
138.INTNODE2416  1.565270e-17 9.995482e-01 4.518048e-04
240.INTNODE2421  5.523908e-11 9.999827e-01 1.726526e-05
238.INTNODE2422 2.751331e-140 1.972727e-07 9.999998e-01
269.INTNODE2423  2.911386e-05 9.996087e-01 3.621881e-04
311.INTNODE2423  1.480030e-03 9.984880e-01 3.198070e-05
73.INTNODE2425   1.433662e-11 9.999748e-01 2.524258e-05
151.INTNODE2425  2.949820e-27 9.997786e-01 2.214241e-04
207.INTNODE2425  2.113181e-05 9.152669e-01 8.471192e-02
145.INTNODE2426  5.924847e-13 9.995756e-01 4.244215e-04
178.INTNODE2426  3.619712e-16 9.942172e-01 5.782792e-03
88.INTNODE2428   6.034332e-14 7.408651e-01 2.591349e-01
111.INTNODE2428  2.180642e-17 7.518992e-01 2.481008e-01
155.INTNODE2428  8.536768e-08 6.384727e-01 3.615272e-01
470.INTNODE2428  1.030741e-03 9.988838e-01 8.543101e-05
4.INTNODE2429    1.234252e-03 9.987459e-01 1.988798e-05
13.INTNODE2429   3.917121e-13 6.228931e-01 3.771069e-01
90.INTNODE2429   5.756279e-11 9.997458e-01 2.542488e-04
113.INTNODE2429  1.628530e-16 9.859174e-01 1.408261e-02
145.INTNODE2429  2.220351e-10 4.548307e-01 5.451693e-01
171.INTNODE2429  3.691652e-21 9.995082e-01 4.917636e-04
179.INTNODE2429  5.408606e-16 9.979948e-01 2.005202e-03
184.INTNODE2429  4.976651e-16 9.997336e-01 2.663886e-04
186.INTNODE2429  3.177429e-12 9.974864e-01 2.513561e-03
202.INTNODE2429  2.745824e-16 4.027545e-01 5.972455e-01
205.INTNODE2429  3.031778e-13 4.630958e-01 5.369042e-01
289.INTNODE2429  2.526062e-05 8.585746e-01 1.414001e-01
415.INTNODE2429  5.104941e-08 9.998919e-01 1.080131e-04
113.INTNODE2433  3.730152e-14 3.401896e-01 6.598104e-01
292.INTNODE2433  6.172380e-01 3.827476e-01 1.446414e-05
78.INTNODE2434   5.625023e-04 9.993203e-01 1.172117e-04
85.INTNODE2434   1.099024e-03 9.985955e-01 3.054505e-04
169.INTNODE2434  7.414555e-20 5.969299e-02 9.403070e-01
176.INTNODE2434  3.805142e-50 5.953346e-05 9.999405e-01
201.INTNODE2434  3.917775e-11 9.950203e-01 4.979718e-03
238.INTNODE2434  2.032239e-12 3.936900e-01 6.063100e-01
488.INTNODE2434  1.317684e-10 9.974944e-01 2.505639e-03
60.INTNODE2435   3.343324e-06 8.667119e-01 1.332848e-01
171.INTNODE2435  4.937569e-12 4.677693e-01 5.322307e-01
202.INTNODE2435  2.012117e-08 5.464087e-01 4.535913e-01
206.INTNODE2435  8.287006e-10 7.142176e-01 2.857824e-01
232.INTNODE2435  2.190506e-05 7.652688e-01 2.347093e-01
261.INTNODE2435  6.195979e-08 9.979120e-01 2.087918e-03
[1] 0.008705465 0.793540948 0.197753587
[1] "weights"
[1] 0.008705465 0.793540948 0.197753587
[1] "weights"
[1] 0.008705465 0.793540948 0.197753587
[1] "weights"
[1] 0.008705465 0.793540948 0.197753587
[1] "model lnL"
[1] -2778.565
[1] "------------Step 2"
[1] "Running in group mode"
[1] "expon_lambda root  0.000829360452800282"
[1] "staring with p = " "0.2"              
[1] "precision_p  2.40134379048129e-09"
          p_root lambda_weib_root 
     2.019815153      0.001694139 
[1] "Running in group mode"
[1] "expon_lambda root  0.00183563021984419"
[1] "staring with p = " "0.2"              
[1] "precision_p  2.76827449852135e-11"
          p_root lambda_weib_root 
      0.69255784       0.00132433 
[1] "Running in group mode"
[1] "expon_lambda root  0.00877862598671747"
[1] "staring with p = " "0.2"              
[1] "precision_p  0"
          p_root lambda_weib_root 
      0.77670532       0.01033674 
                        [,1]         [,2]         [,3]
156.INTNODE1247 1.034228e-07 3.480196e-01 6.519803e-01
240.INTNODE1247 8.661668e-07 3.638530e-01 6.361461e-01
277.INTNODE1249 5.111987e-11 1.042338e-01 8.957662e-01
467.INTNODE1354 1.709575e-13 8.869007e-02 9.113099e-01
7.INTNODE1628   1.980461e-17 9.918171e-02 9.008183e-01
202.INTNODE1911 5.901597e-14 2.963950e-01 7.036050e-01
203.INTNODE2046 1.108496e-10 3.203194e-01 6.796806e-01
202.INTNODE2079 5.000860e-09 6.585765e-01 3.414235e-01
202.INTNODE2080 3.816176e-14 4.815486e-01 5.184514e-01
206.INTNODE2084 7.622162e-08 9.965578e-01 3.442148e-03
52.INTNODE2226  9.442913e-09 9.999194e-01 8.058434e-05
162.INTNODE2226 2.283009e-12 9.997301e-01 2.699492e-04
157.INTNODE2228 1.352390e-10 9.991228e-01 8.771671e-04
290.INTNODE2230 7.529766e-08 9.995633e-01 4.366504e-04
205.INTNODE2233 6.329385e-16 8.563984e-01 1.436016e-01
467.INTNODE2283 2.629288e-07 5.768839e-01 4.231159e-01
99.INTNODE2298  2.040891e-08 9.991339e-01 8.660549e-04
111.INTNODE2298 1.584313e-06 9.998810e-01 1.174213e-04
489.INTNODE2301 5.528370e-07 9.999974e-01 2.076408e-06
3.INTNODE2304   9.528884e-27 8.824897e-02 9.117510e-01
182.INTNODE2305 1.141080e-07 9.999989e-01 1.027533e-06
169.INTNODE2394 8.976839e-35 3.210395e-06 9.999968e-01
199.INTNODE2394 1.629177e-04 9.994953e-01 3.417436e-04
361.INTNODE2395 4.712488e-03 9.952875e-01 2.508063e-08
86.INTNODE2399  5.135996e-03 9.948639e-01 7.881559e-08
289.INTNODE2399 6.044199e-15 9.959144e-01 4.085581e-03
326.INTNODE2400 4.348150e-12 9.985568e-01 1.443230e-03
88.INTNODE2401  1.202506e-04 9.998786e-01 1.156652e-06
97.INTNODE2401  2.972324e-05 9.999690e-01 1.238910e-06
287.INTNODE2401 4.853868e-04 9.995146e-01 4.544657e-08
289.INTNODE2401 1.338543e-08 3.238784e-01 6.761216e-01
16.INTNODE2402  3.225106e-02 9.677489e-01 2.206962e-08
74.INTNODE2402  6.653407e-05 9.999329e-01 6.150384e-07
91.INTNODE2404  1.894823e-05 9.999784e-01 2.698513e-06
155.INTNODE2404 2.006371e-03 9.979935e-01 1.311561e-07
223.INTNODE2404 4.371367e-02 9.562863e-01 2.860342e-08
173.INTNODE2405 5.179638e-06 9.999947e-01 7.068064e-08
12.INTNODE2406  1.274411e-03 9.987251e-01 4.959836e-07
13.INTNODE2406  5.013487e-02 9.498651e-01 2.674785e-08
71.INTNODE2406  6.445899e-03 9.935540e-01 9.501973e-08
142.INTNODE2406 6.054962e-24 5.942333e-05 9.999406e-01
202.INTNODE2406 4.909430e-14 8.614030e-01 1.385970e-01
205.INTNODE2406 1.786064e-10 2.150453e-01 7.849547e-01
206.INTNODE2406 2.674294e-08 9.761858e-01 2.381415e-02
209.INTNODE2406 1.481917e-03 9.985178e-01 3.071476e-07
210.INTNODE2406 2.956388e-04 9.997032e-01 1.126341e-06
418.INTNODE2406 9.300980e-08 9.999924e-01 7.547857e-06
293.INTNODE2415 2.939712e-04 9.996990e-01 7.041045e-06
138.INTNODE2416 7.284271e-07 9.999909e-01 8.400227e-06
240.INTNODE2421 8.727463e-06 9.999912e-01 4.634946e-08
238.INTNODE2422 2.208268e-56 1.027432e-13 1.000000e+00
269.INTNODE2423 4.504753e-03 9.954912e-01 4.086687e-06
311.INTNODE2423 2.813034e-02 9.718696e-01 7.769832e-08
73.INTNODE2425  5.192313e-06 9.999948e-01 5.494336e-08
151.INTNODE2425 1.905171e-11 9.999965e-01 3.542268e-06
207.INTNODE2425 9.504245e-04 9.671349e-01 3.191467e-02
145.INTNODE2426 2.161250e-05 9.999748e-01 3.605260e-06
178.INTNODE2426 5.300569e-05 9.996729e-01 2.740516e-04
88.INTNODE2428  4.369714e-07 8.086328e-01 1.913667e-01
111.INTNODE2428 3.541793e-06 8.087723e-01 1.912241e-01
155.INTNODE2428 7.186873e-05 7.372426e-01 2.626855e-01
470.INTNODE2428 2.294741e-02 9.770524e-01 1.543182e-07
4.INTNODE2429   4.521452e-03 9.954785e-01 1.043519e-08
13.INTNODE2429  8.489896e-07 6.282080e-01 3.717911e-01
90.INTNODE2429  3.238176e-05 9.999669e-01 7.513215e-07
113.INTNODE2429 1.144144e-04 9.991777e-01 7.078801e-04
145.INTNODE2429 3.472039e-06 4.955991e-01 5.043974e-01
171.INTNODE2429 1.019096e-08 9.999965e-01 3.464228e-06
179.INTNODE2429 2.613988e-06 9.999686e-01 2.881681e-05
184.INTNODE2429 5.889391e-07 9.999984e-01 1.060410e-06
186.INTNODE2429 6.301302e-04 9.993325e-01 3.741457e-05
202.INTNODE2429 6.261383e-08 2.629297e-01 7.370702e-01
205.INTNODE2429 5.862358e-07 4.237623e-01 5.762371e-01
289.INTNODE2429 1.143491e-03 9.424690e-01 5.638749e-02
415.INTNODE2429 7.423041e-04 9.992575e-01 2.001523e-07
113.INTNODE2433 4.979069e-08 3.469042e-01 6.530957e-01
292.INTNODE2433 7.921036e-02 9.207896e-01 1.149865e-08
78.INTNODE2434  8.208571e-03 9.917913e-01 8.326523e-08
85.INTNODE2434  4.682926e-02 9.531704e-01 3.844056e-07
169.INTNODE2434 3.751361e-08 9.120462e-03 9.908795e-01
176.INTNODE2434 1.694988e-16 1.941761e-07 9.999998e-01
201.INTNODE2434 1.260257e-03 9.986927e-01 4.708329e-05
238.INTNODE2434 1.239495e-06 3.450657e-01 6.549330e-01
488.INTNODE2434 5.091402e-04 9.994771e-01 1.380314e-05
60.INTNODE2435  4.413113e-04 9.554695e-01 4.408920e-02
171.INTNODE2435 5.828379e-07 5.014736e-01 4.985258e-01
202.INTNODE2435 3.171355e-05 6.138887e-01 3.860795e-01
206.INTNODE2435 3.680558e-05 8.172959e-01 1.826673e-01
232.INTNODE2435 1.028213e-03 8.796307e-01 1.193411e-01
261.INTNODE2435 5.309373e-03 9.946835e-01 7.098396e-06
[1] 0.003948848 0.775974611 0.220076541
[1] "weights"
[1] 0.003948848 0.775974611 0.220076541
[1] "weights"
[1] 0.003948848 0.775974611 0.220076541
[1] "weights"
[1] 0.003948848 0.775974611 0.220076541
[1] "model lnL"
[1] -2776.962
[1] "------------Step 3"
[1] "Running in group mode"
[1] "expon_lambda root  0.000981397434428805"
[1] "staring with p = " "0.2"              
[1] "precision_p  1.12529652263049e-10"
          p_root lambda_weib_root 
      1.86066118       0.00185166 
[1] "Running in group mode"
[1] "expon_lambda root  0.00179768867770319"
[1] "staring with p = " "0.2"              
[1] "precision_p  9.49285094975494e-12"
          p_root lambda_weib_root 
     0.703956164      0.001310153 
[1] "Running in group mode"
[1] "expon_lambda root  0.00868813306985326"
[1] "staring with p = " "0.2"              
[1] "precision_p  3.97903932025656e-13"
          p_root lambda_weib_root 
      0.77902554       0.01009515 
                        [,1]         [,2]         [,3]
156.INTNODE1247 1.592675e-06 2.933738e-01 7.066246e-01
240.INTNODE1247 7.612506e-06 3.116321e-01 6.883603e-01
277.INTNODE1249 5.962275e-09 7.872698e-02 9.212730e-01
467.INTNODE1354 1.301094e-10 6.132301e-02 9.386770e-01
7.INTNODE1628   1.833108e-13 6.332983e-02 9.366702e-01
202.INTNODE1911 6.404921e-11 2.171215e-01 7.828785e-01
203.INTNODE2046 1.069164e-08 2.564908e-01 7.435091e-01
202.INTNODE2079 2.450490e-07 5.826621e-01 4.173376e-01
202.INTNODE2080 5.928789e-11 3.711003e-01 6.288997e-01
206.INTNODE2084 3.006373e-06 9.945857e-01 5.411254e-03
52.INTNODE2226  1.295458e-06 9.998462e-01 1.525388e-04
162.INTNODE2226 4.590930e-09 9.994439e-01 5.560684e-04
157.INTNODE2228 7.850443e-08 9.983239e-01 1.675983e-03
290.INTNODE2230 4.963333e-06 9.992279e-01 7.671556e-04
205.INTNODE2233 2.414263e-11 7.427700e-01 2.572300e-01
467.INTNODE2283 3.991802e-06 5.083575e-01 4.916385e-01
99.INTNODE2298  2.653823e-06 9.984391e-01 1.558272e-03
111.INTNODE2298 4.437191e-05 9.997492e-01 2.064269e-04
489.INTNODE2301 3.468580e-05 9.999610e-01 4.279887e-06
3.INTNODE2304   1.068888e-18 3.159730e-02 9.684027e-01
182.INTNODE2305 1.121037e-05 9.999866e-01 2.186910e-06
169.INTNODE2394 9.340999e-25 1.022799e-06 9.999990e-01
199.INTNODE2394 7.833980e-04 9.986823e-01 5.343135e-04
361.INTNODE2395 1.126867e-02 9.887313e-01 4.884999e-08
86.INTNODE2399  1.084057e-02 9.891593e-01 1.476712e-07
289.INTNODE2399 2.929850e-10 9.903882e-01 9.611837e-03
326.INTNODE2400 2.200919e-08 9.968498e-01 3.150197e-03
88.INTNODE2401  1.289799e-03 9.987080e-01 2.234145e-06
97.INTNODE2401  4.710450e-04 9.995265e-01 2.422502e-06
287.INTNODE2401 1.803192e-03 9.981967e-01 8.778000e-08
289.INTNODE2401 3.512352e-07 2.682918e-01 7.317079e-01
16.INTNODE2402  2.986560e-02 9.701344e-01 4.103710e-08
74.INTNODE2402  6.821319e-04 9.993167e-01 1.191717e-06
91.INTNODE2404  3.526224e-04 9.996421e-01 5.235031e-06
155.INTNODE2404 5.129070e-03 9.948707e-01 2.444947e-07
223.INTNODE2404 3.361900e-02 9.663809e-01 5.261016e-08
173.INTNODE2405 6.953605e-05 9.999303e-01 1.420042e-07
12.INTNODE2406  5.012890e-03 9.949862e-01 9.265380e-07
13.INTNODE2406  3.613784e-02 9.638621e-01 4.931268e-08
71.INTNODE2406  1.146760e-02 9.885322e-01 1.758131e-07
142.INTNODE2406 6.822828e-17 2.366401e-05 9.999763e-01
202.INTNODE2406 4.131816e-10 7.644187e-01 2.355813e-01
205.INTNODE2406 1.398302e-07 1.370691e-01 8.629308e-01
206.INTNODE2406 8.489714e-06 9.573828e-01 4.260874e-02
209.INTNODE2406 4.052890e-03 9.959465e-01 5.618952e-07
210.INTNODE2406 1.767563e-03 9.982303e-01 2.096541e-06
418.INTNODE2406 1.048372e-05 9.999740e-01 1.551271e-05
293.INTNODE2415 1.796915e-03 9.981904e-01 1.264292e-05
138.INTNODE2416 3.242320e-05 9.999511e-01 1.643801e-05
240.INTNODE2421 7.138611e-05 9.999285e-01 9.117248e-08
238.INTNODE2422 5.474517e-41 2.558896e-14 1.000000e+00
269.INTNODE2423 6.561022e-03 9.934322e-01 6.776859e-06
311.INTNODE2423 2.283559e-02 9.771643e-01 1.399119e-07
73.INTNODE2425  4.527075e-05 9.999546e-01 1.075684e-07
151.INTNODE2425 1.556282e-08 9.999922e-01 7.815847e-06
207.INTNODE2425 1.973056e-03 9.560922e-01 4.193473e-02
145.INTNODE2426 2.284218e-04 9.997649e-01 6.667384e-06
178.INTNODE2426 1.161380e-03 9.983412e-01 4.973892e-04
88.INTNODE2428  9.491493e-06 7.508331e-01 2.491574e-01
111.INTNODE2428 1.353807e-04 7.313350e-01 2.685296e-01
155.INTNODE2428 2.574832e-04 6.874032e-01 3.123394e-01
470.INTNODE2428 1.646273e-02 9.835370e-01 2.701018e-07
4.INTNODE2429   3.013702e-03 9.969863e-01 1.884033e-08
13.INTNODE2429  1.376030e-05 5.539704e-01 4.460159e-01
90.INTNODE2429  1.716516e-04 9.998270e-01 1.366892e-06
113.INTNODE2429 2.222078e-03 9.965138e-01 1.264120e-03
145.INTNODE2429 2.374206e-05 4.361189e-01 5.638573e-01
171.INTNODE2429 1.010505e-06 9.999920e-01 7.014060e-06
179.INTNODE2429 5.672755e-05 9.998907e-01 5.260419e-05
184.INTNODE2429 1.335946e-05 9.999846e-01 2.055953e-06
186.INTNODE2429 3.920478e-03 9.960134e-01 6.614084e-05
202.INTNODE2429 2.051181e-06 2.058395e-01 7.941585e-01
205.INTNODE2429 8.739226e-06 3.562770e-01 6.437142e-01
289.INTNODE2429 2.182765e-03 9.256003e-01 7.221697e-02
415.INTNODE2429 1.615401e-03 9.983842e-01 3.647678e-07
113.INTNODE2433 9.379667e-07 2.908620e-01 7.091370e-01
292.INTNODE2433 1.840668e-02 9.815933e-01 2.092408e-08
78.INTNODE2434  4.720214e-03 9.952796e-01 1.436127e-07
85.INTNODE2434  2.345726e-02 9.765421e-01 6.619423e-07
169.INTNODE2434 1.706940e-06 6.610885e-03 9.933874e-01
176.INTNODE2434 3.882311e-12 1.094217e-07 9.999999e-01
201.INTNODE2434 4.652580e-03 9.952672e-01 8.019992e-05
238.INTNODE2434 1.375313e-05 2.878670e-01 7.121193e-01
488.INTNODE2434 1.707054e-03 9.982693e-01 2.366896e-05
60.INTNODE2435  1.050453e-03 9.416311e-01 5.731847e-02
171.INTNODE2435 6.545809e-06 4.374947e-01 5.624988e-01
202.INTNODE2435 1.299633e-04 5.571987e-01 4.426713e-01
206.INTNODE2435 2.211611e-04 7.694316e-01 2.303472e-01
232.INTNODE2435 1.883995e-03 8.509810e-01 1.471350e-01
261.INTNODE2435 7.436044e-03 9.925521e-01 1.189504e-05
[1] 0.003147256 0.756557591 0.240295154
[1] "weights"
[1] 0.003147256 0.756557591 0.240295154
[1] "weights"
[1] 0.003147256 0.756557591 0.240295154
[1] "weights"
[1] 0.003147256 0.756557591 0.240295154
[1] "model lnL"
[1] -2776.587
[1] "------------Step 4"
[1] "Running in group mode"
[1] "expon_lambda root  0.00114258504911144"
[1] "staring with p = " "0.2"              
[1] "precision_p  1.6407208924818e-11"
          p_root lambda_weib_root 
     1.828464664      0.002020086 
[1] "Running in group mode"
[1] "expon_lambda root  0.00177795169131774"
[1] "staring with p = " "0.2"              
[1] "precision_p  1.02318153949454e-11"
          p_root lambda_weib_root 
     0.709771106      0.001302241 
[1] "Running in group mode"
[1] "expon_lambda root  0.0086279883860477"
[1] "staring with p = " "0.2"              
[1] "precision_p  1.70530256582424e-13"
          p_root lambda_weib_root 
     0.780385377      0.009956158 
                        [,1]         [,2]         [,3]
156.INTNODE1247 4.562800e-06 2.627856e-01 7.372098e-01
240.INTNODE1247 1.820598e-05 2.813758e-01 7.186060e-01
277.INTNODE1249 3.574680e-08 6.731596e-02 9.326840e-01
467.INTNODE1354 1.545612e-09 5.064307e-02 9.493569e-01
7.INTNODE1628   4.909206e-12 5.055627e-02 9.494437e-01
202.INTNODE1911 7.885724e-10 1.825857e-01 8.174143e-01
203.INTNODE2046 5.547892e-08 2.241105e-01 7.758895e-01
202.INTNODE2079 1.038852e-06 5.375346e-01 4.624643e-01
202.INTNODE2080 8.219311e-10 3.186594e-01 6.813406e-01
206.INTNODE2084 1.215888e-05 9.930860e-01 6.901791e-03
52.INTNODE2226  8.372693e-06 9.997806e-01 2.109920e-04
162.INTNODE2226 7.755212e-08 9.992081e-01 7.918593e-04
157.INTNODE2228 8.673863e-07 9.976725e-01 2.326642e-03
290.INTNODE2230 2.455720e-05 9.989379e-01 1.037537e-03
205.INTNODE2233 1.263239e-09 6.719942e-01 3.280058e-01
467.INTNODE2283 1.149150e-05 4.673629e-01 5.326256e-01
99.INTNODE2298  1.720907e-05 9.978494e-01 2.133397e-03
111.INTNODE2298 1.589474e-04 9.995585e-01 2.825391e-04
489.INTNODE2301 1.613280e-04 9.998323e-01 6.372090e-06
3.INTNODE2304   1.141641e-15 1.986870e-02 9.801313e-01
182.INTNODE2305 5.953359e-05 9.999372e-01 3.311446e-06
169.INTNODE2394 8.224686e-21 6.508952e-07 9.999993e-01
199.INTNODE2394 1.489475e-03 9.978163e-01 6.942502e-04
361.INTNODE2395 1.442550e-02 9.855744e-01 7.289307e-08
86.INTNODE2399  1.329996e-02 9.866998e-01 2.166093e-07
289.INTNODE2399 1.740528e-08 9.853167e-01 1.468328e-02
326.INTNODE2400 5.677622e-07 9.952859e-01 4.713577e-03
88.INTNODE2401  3.067193e-03 9.969295e-01 3.291990e-06
97.INTNODE2401  1.275488e-03 9.987209e-01 3.589034e-06
287.INTNODE2401 2.552679e-03 9.974472e-01 1.315235e-07
289.INTNODE2401 1.198195e-06 2.383497e-01 7.616491e-01
16.INTNODE2402  2.523252e-02 9.747674e-01 6.146805e-08
74.INTNODE2402  1.499508e-03 9.984987e-01 1.779807e-06
91.INTNODE2404  1.002767e-03 9.989894e-01 7.794032e-06
155.INTNODE2404 6.429647e-03 9.935700e-01 3.634658e-07
223.INTNODE2404 2.625070e-02 9.737492e-01 7.858886e-08
173.INTNODE2405 1.479142e-04 9.998519e-01 2.184922e-07
12.INTNODE2406  7.798652e-03 9.922000e-01 1.368240e-06
13.INTNODE2406  2.750355e-02 9.724964e-01 7.371454e-08
71.INTNODE2406  1.263244e-02 9.873673e-01 2.612458e-07
142.INTNODE2406 4.876402e-14 1.590624e-05 9.999841e-01
202.INTNODE2406 1.201443e-08 6.999423e-01 3.000577e-01
205.INTNODE2406 2.105850e-06 1.079192e-01 8.920787e-01
206.INTNODE2406 8.718028e-05 9.419750e-01 5.793778e-02
209.INTNODE2406 5.292369e-03 9.947068e-01 8.241936e-07
210.INTNODE2406 3.221133e-03 9.967758e-01 3.077530e-06
418.INTNODE2406 5.777229e-05 9.999187e-01 2.355581e-05
293.INTNODE2415 3.397770e-03 9.965840e-01 1.826888e-05
138.INTNODE2416 1.231736e-04 9.998521e-01 2.468473e-05
240.INTNODE2421 1.198158e-04 9.998800e-01 1.405624e-07
238.INTNODE2422 6.668937e-35 1.545238e-14 1.000000e+00
269.INTNODE2423 6.962737e-03 9.930278e-01 9.486859e-06
311.INTNODE2423 1.806262e-02 9.819372e-01 2.081705e-07
73.INTNODE2425  7.655579e-05 9.999233e-01 1.658180e-07
151.INTNODE2425 1.496658e-07 9.999874e-01 1.240377e-05
207.INTNODE2425 2.882554e-03 9.471645e-01 4.995290e-02
145.INTNODE2426 4.912435e-04 9.994989e-01 9.852072e-06
178.INTNODE2426 4.027353e-03 9.952593e-01 7.133268e-04
88.INTNODE2428  3.185483e-05 7.118199e-01 2.881482e-01
111.INTNODE2428 6.360521e-04 6.788691e-01 3.204949e-01
155.INTNODE2428 4.587534e-04 6.528437e-01 3.466976e-01
470.INTNODE2428 1.222443e-02 9.877752e-01 3.974587e-07
4.INTNODE2429   1.888920e-03 9.981111e-01 2.855707e-08
13.INTNODE2429  4.241196e-05 5.091116e-01 4.908460e-01
90.INTNODE2429  2.588614e-04 9.997391e-01 2.032643e-06
113.INTNODE2429 7.604295e-03 9.905972e-01 1.798508e-03
145.INTNODE2429 5.230183e-05 3.997777e-01 6.001700e-01
171.INTNODE2429 4.553688e-06 9.999846e-01 1.083771e-05
179.INTNODE2429 1.640935e-04 9.997591e-01 7.684490e-05
184.INTNODE2429 3.436399e-05 9.999625e-01 3.137066e-06
186.INTNODE2429 7.862663e-03 9.920421e-01 9.520452e-05
202.INTNODE2429 8.497419e-06 1.783252e-01 8.216663e-01
205.INTNODE2429 2.625499e-05 3.190091e-01 6.809646e-01
289.INTNODE2429 3.114178e-03 9.121448e-01 8.474099e-02
415.INTNODE2429 1.763610e-03 9.982358e-01 5.470307e-07
113.INTNODE2433 2.872904e-06 2.599233e-01 7.400738e-01
292.INTNODE2433 7.685504e-03 9.923145e-01 3.147828e-08
78.INTNODE2434  2.930644e-03 9.970691e-01 2.127476e-07
85.INTNODE2434  1.515905e-02 9.848400e-01 9.707031e-07
169.INTNODE2434 1.013455e-05 5.591330e-03 9.943985e-01
176.INTNODE2434 3.983925e-10 8.496716e-08 9.999999e-01
201.INTNODE2434 7.452421e-03 9.924331e-01 1.144636e-04
238.INTNODE2434 3.756130e-05 2.566844e-01 7.432781e-01
488.INTNODE2434 2.448649e-03 9.975172e-01 3.411693e-05
60.INTNODE2435  1.586830e-03 9.304482e-01 6.796495e-02
171.INTNODE2435 1.694217e-05 3.993318e-01 6.006512e-01
202.INTNODE2435 2.423260e-04 5.201125e-01 4.796451e-01
206.INTNODE2435 4.822823e-04 7.354809e-01 2.640368e-01
232.INTNODE2435 2.664426e-03 8.289213e-01 1.684143e-01
261.INTNODE2435 7.598951e-03 9.923839e-01 1.712390e-05
[1] 0.003048749 0.745220162 0.251731089
[1] "weights"
[1] 0.003048749 0.745220162 0.251731089
[1] "weights"
[1] 0.003048749 0.745220162 0.251731089
[1] "weights"
[1] 0.003048749 0.745220162 0.251731089
[1] "model lnL"
[1] -2776.468
[1] "------------Step 5"
[1] "Running in group mode"
[1] "expon_lambda root  0.00129774711808993"
[1] "staring with p = " "0.2"              
[1] "precision_p  1.11084474951895e-11"
          p_root lambda_weib_root 
     1.856647088      0.002196313 
[1] "Running in group mode"
[1] "expon_lambda root  0.00176702857907527"
[1] "staring with p = " "0.2"              
[1] "precision_p  4.43378667114303e-12"
          p_root lambda_weib_root 
     0.712650532      0.001297144 
[1] "Running in group mode"
[1] "expon_lambda root  0.00858966766331767"
[1] "staring with p = " "0.2"              
[1] "precision_p  8.5265128291212e-14"
          p_root lambda_weib_root 
     0.781212416      0.009873734 
                        [,1]         [,2]         [,3]
156.INTNODE1247 7.227516e-06 2.474058e-01 7.525870e-01
240.INTNODE1247 2.773294e-05 2.659273e-01 7.340450e-01
277.INTNODE1249 7.453188e-08 6.199895e-02 9.380010e-01
467.INTNODE1354 4.149675e-09 4.577637e-02 9.542236e-01
7.INTNODE1628   1.569529e-11 4.493872e-02 9.550613e-01
202.INTNODE1911 1.903462e-09 1.662303e-01 8.337697e-01
203.INTNODE2046 1.000821e-07 2.084625e-01 7.915374e-01
202.INTNODE2079 1.797054e-06 5.128565e-01 4.871417e-01
202.INTNODE2080 2.037130e-09 2.925624e-01 7.074376e-01
206.INTNODE2084 2.075598e-05 9.920431e-01 7.936144e-03
52.INTNODE2226  1.734398e-05 9.997276e-01 2.551026e-04
162.INTNODE2226 2.242333e-07 9.990294e-01 9.704208e-04
157.INTNODE2228 2.285524e-06 9.971937e-01 2.804022e-03
290.INTNODE2230 4.799560e-05 9.987189e-01 1.233078e-03
205.INTNODE2233 6.436865e-09 6.290230e-01 3.709769e-01
467.INTNODE2283 1.824539e-05 4.453249e-01 5.546569e-01
99.INTNODE2298  3.935124e-05 9.974107e-01 2.549954e-03
111.INTNODE2298 2.810416e-04 9.993807e-01 3.382552e-04
489.INTNODE2301 3.168124e-04 9.996752e-01 8.019272e-06
3.INTNODE2304   2.153725e-14 1.540086e-02 9.845991e-01
182.INTNODE2305 1.189075e-04 9.998769e-01 4.206904e-06
169.INTNODE2394 5.671344e-19 5.101059e-07 9.999995e-01
199.INTNODE2394 2.071646e-03 9.971212e-01 8.071995e-04
361.INTNODE2395 1.602213e-02 9.839778e-01 9.213855e-08
86.INTNODE2399  1.460937e-02 9.853904e-01 2.708301e-07
289.INTNODE2399 1.050472e-07 9.814133e-01 1.858661e-02
326.INTNODE2400 2.496426e-06 9.940863e-01 5.911182e-03
88.INTNODE2401  4.782104e-03 9.952138e-01 4.115886e-06
97.INTNODE2401  2.051753e-03 9.979437e-01 4.500265e-06
287.INTNODE2401 2.792958e-03 9.972069e-01 1.661772e-07
289.INTNODE2401 1.974070e-06 2.235144e-01 7.764836e-01
16.INTNODE2402  2.291782e-02 9.770821e-01 7.768404e-08
74.INTNODE2402  2.144066e-03 9.978537e-01 2.241194e-06
91.INTNODE2404  1.665571e-03 9.983246e-01 9.789327e-06
155.INTNODE2404 7.011241e-03 9.929883e-01 4.569587e-07
223.INTNODE2404 2.290588e-02 9.770940e-01 9.907011e-08
173.INTNODE2405 1.787680e-04 9.998210e-01 2.794808e-07
12.INTNODE2406  9.893459e-03 9.901048e-01 1.713060e-06
13.INTNODE2406  2.362753e-02 9.763724e-01 9.297010e-08
71.INTNODE2406  1.315714e-02 9.868425e-01 3.286015e-07
142.INTNODE2406 1.437543e-12 1.278307e-05 9.999872e-01
202.INTNODE2406 4.969463e-08 6.606831e-01 3.393169e-01
205.INTNODE2406 9.002113e-06 9.411919e-02 9.058718e-01
206.INTNODE2406 3.023656e-04 9.309251e-01 6.877254e-02
209.INTNODE2406 5.897019e-03 9.941020e-01 1.028184e-06
210.INTNODE2406 4.322110e-03 9.956741e-01 3.837982e-06
418.INTNODE2406 1.232138e-04 9.998469e-01 2.988021e-05
293.INTNODE2415 4.751417e-03 9.952260e-01 2.256173e-05
138.INTNODE2416 2.185690e-04 9.997503e-01 3.110584e-05
240.INTNODE2421 1.227803e-04 9.998770e-01 1.799548e-07
238.INTNODE2422 4.838498e-32 1.190918e-14 1.000000e+00
269.INTNODE2423 7.129783e-03 9.928587e-01 1.151232e-05
311.INTNODE2423 1.560610e-02 9.843936e-01 2.618353e-07
73.INTNODE2425  7.700081e-05 9.999228e-01 2.121153e-07
151.INTNODE2425 3.171294e-07 9.999836e-01 1.606554e-05
207.INTNODE2425 3.811749e-03 9.411073e-01 5.508097e-02
145.INTNODE2426 6.597933e-04 9.993279e-01 1.230825e-05
178.INTNODE2426 8.430171e-03 9.906952e-01 8.746406e-04
88.INTNODE2428  5.644529e-05 6.889326e-01 3.110109e-01
111.INTNODE2428 1.608653e-03 6.465997e-01 3.517917e-01
155.INTNODE2428 6.505515e-04 6.329914e-01 3.663580e-01
470.INTNODE2428 9.995586e-03 9.900039e-01 4.963615e-07
4.INTNODE2429   1.207378e-03 9.987926e-01 3.624784e-08
13.INTNODE2429  7.472226e-05 4.844142e-01 5.155111e-01
90.INTNODE2429  2.637287e-04 9.997337e-01 2.547531e-06
113.INTNODE2429 1.623037e-02 9.815800e-01 2.189684e-03
145.INTNODE2429 7.807508e-05 3.805252e-01 6.193968e-01
171.INTNODE2429 7.267537e-06 9.999789e-01 1.384908e-05
179.INTNODE2429 2.503350e-04 9.996544e-01 9.528271e-05
184.INTNODE2429 4.322541e-05 9.999528e-01 3.985382e-06
186.INTNODE2429 1.188073e-02 9.880021e-01 1.171673e-04
202.INTNODE2429 1.771162e-05 1.645822e-01 8.354001e-01
205.INTNODE2429 4.611901e-05 2.996178e-01 7.003361e-01
289.INTNODE2429 4.121227e-03 9.032993e-01 9.257945e-02
415.INTNODE2429 1.615540e-03 9.983838e-01 6.901662e-07
113.INTNODE2433 4.621197e-06 2.444174e-01 7.555780e-01
292.INTNODE2433 4.070186e-03 9.959298e-01 3.971120e-08
78.INTNODE2434  1.904908e-03 9.980948e-01 2.665226e-07
85.INTNODE2434  1.122826e-02 9.887705e-01 1.209206e-06
169.INTNODE2434 3.315021e-05 5.092209e-03 9.948746e-01
176.INTNODE2434 8.000018e-09 7.359125e-08 9.999999e-01
201.INTNODE2434 9.617780e-03 9.902419e-01 1.403287e-04
238.INTNODE2434 6.462221e-05 2.406635e-01 7.592718e-01
488.INTNODE2434 2.748082e-03 9.972099e-01 4.206190e-05
60.INTNODE2435  2.087398e-03 9.232224e-01 7.469016e-02
171.INTNODE2435 2.620113e-05 3.792562e-01 6.207176e-01
202.INTNODE2435 3.479823e-04 4.996386e-01 5.000134e-01
206.INTNODE2435 7.631448e-04 7.151984e-01 2.840385e-01
232.INTNODE2435 3.530215e-03 8.151806e-01 1.812892e-01
261.INTNODE2435 7.139617e-03 9.928393e-01 2.112828e-05
[1] 0.003221236 0.738806898 0.257971867
[1] "weights"
[1] 0.003221236 0.738806898 0.257971867
[1] "weights"
[1] 0.003221236 0.738806898 0.257971867
[1] "weights"
[1] 0.003221236 0.738806898 0.257971867
[1] "model lnL"
[1] -2776.42
[1] "------------Step 6"
[1] "Running in group mode"
[1] "expon_lambda root  0.001442294198687"
[1] "staring with p = " "0.2"              
[1] "precision_p  2.6300961408765e-11"
          p_root lambda_weib_root 
     1.914327885      0.002368551 
[1] "Running in group mode"
[1] "expon_lambda root  0.00176080078941183"
[1] "staring with p = " "0.2"              
[1] "precision_p  9.09494701772928e-12"
          p_root lambda_weib_root 
     0.713877247      0.001293412 
[1] "Running in group mode"
[1] "expon_lambda root  0.00856637281482079"
[1] "staring with p = " "0.2"              
[1] "precision_p  6.53699316899292e-13"
          p_root lambda_weib_root 
     0.781716276      0.009825551 
                        [,1]         [,2]         [,3]
156.INTNODE1247 8.786249e-06 2.395627e-01 7.604285e-01
240.INTNODE1247 3.469297e-05 2.579230e-01 7.420423e-01
277.INTNODE1249 9.650562e-08 5.942170e-02 9.405782e-01
467.INTNODE1354 5.707928e-09 4.342848e-02 9.565715e-01
7.INTNODE1628   1.893749e-11 4.231357e-02 9.576864e-01
202.INTNODE1911 2.175925e-09 1.582379e-01 8.417621e-01
203.INTNODE2046 1.109755e-07 2.008007e-01 7.991992e-01
202.INTNODE2079 2.065343e-06 4.995834e-01 5.004146e-01
202.INTNODE2080 2.292217e-09 2.794209e-01 7.205791e-01
206.INTNODE2084 2.396766e-05 9.913727e-01 8.603329e-03
52.INTNODE2226  2.170797e-05 9.996928e-01 2.854506e-04
162.INTNODE2226 2.933344e-07 9.989075e-01 1.092223e-03
157.INTNODE2228 3.203964e-06 9.968747e-01 3.122098e-03
290.INTNODE2230 6.291226e-05 9.985745e-01 1.362636e-03
205.INTNODE2233 1.186146e-08 6.040937e-01 3.959063e-01
467.INTNODE2283 2.223352e-05 4.335217e-01 5.664560e-01
99.INTNODE2298  5.806482e-05 9.971164e-01 2.825491e-03
111.INTNODE2298 3.731822e-04 9.992513e-01 3.755271e-04
489.INTNODE2301 4.439380e-04 9.995469e-01 9.176333e-06
3.INTNODE2304   7.130928e-14 1.337021e-02 9.866298e-01
182.INTNODE2305 1.604901e-04 9.998347e-01 4.839091e-06
169.INTNODE2394 4.992822e-18 4.457001e-07 9.999996e-01
199.INTNODE2394 2.567452e-03 9.965513e-01 8.812139e-04
361.INTNODE2395 1.758510e-02 9.824148e-01 1.057916e-07
86.INTNODE2399  1.605071e-02 9.839490e-01 3.087920e-07
289.INTNODE2399 2.410291e-07 9.787594e-01 2.124031e-02
326.INTNODE2400 5.275920e-06 9.932670e-01 6.727734e-03
88.INTNODE2401  6.558677e-03 9.934366e-01 4.688619e-06
97.INTNODE2401  2.769049e-03 9.972258e-01 5.135531e-06
287.INTNODE2401 2.848050e-03 9.971518e-01 1.905322e-07
289.INTNODE2401 2.338708e-06 2.160541e-01 7.839436e-01
16.INTNODE2402  2.253892e-02 9.774610e-01 8.904662e-08
74.INTNODE2402  2.666146e-03 9.973313e-01 2.563206e-06
91.INTNODE2404  2.300153e-03 9.976887e-01 1.117556e-05
155.INTNODE2404 7.527999e-03 9.924715e-01 5.222427e-07
223.INTNODE2404 2.194893e-02 9.780510e-01 1.133592e-07
173.INTNODE2405 1.732250e-04 9.998265e-01 3.221574e-07
12.INTNODE2406  1.207361e-02 9.879244e-01 1.952416e-06
13.INTNODE2406  2.233497e-02 9.776649e-01 1.064299e-07
71.INTNODE2406  1.399904e-02 9.860006e-01 3.756990e-07
142.INTNODE2406 1.168205e-11 1.128670e-05 9.999887e-01
202.INTNODE2406 8.883305e-08 6.379355e-01 3.620644e-01
205.INTNODE2406 2.365384e-05 8.694888e-02 9.130275e-01
206.INTNODE2406 6.901841e-04 9.234611e-01 7.584875e-02
209.INTNODE2406 6.390211e-03 9.936086e-01 1.169813e-06
210.INTNODE2406 5.311773e-03 9.946839e-01 4.364819e-06
418.INTNODE2406 1.808476e-04 9.997849e-01 3.428220e-05
293.INTNODE2415 6.032096e-03 9.939424e-01 2.550534e-05
138.INTNODE2416 2.851873e-04 9.996793e-01 3.554538e-05
240.INTNODE2421 1.017896e-04 9.998980e-01 2.074766e-07
238.INTNODE2422 1.435369e-30 1.036985e-14 1.000000e+00
269.INTNODE2423 7.343109e-03 9.926440e-01 1.288327e-05
311.INTNODE2423 1.438110e-02 9.856186e-01 2.993761e-07
73.INTNODE2425  6.151601e-05 9.999382e-01 2.443197e-07
151.INTNODE2425 3.426836e-07 9.999811e-01 1.859670e-05
207.INTNODE2425 4.917246e-03 9.368943e-01 5.818843e-02
145.INTNODE2426 7.314900e-04 9.992545e-01 1.399783e-05
178.INTNODE2426 1.476652e-02 9.842518e-01 9.817299e-04
88.INTNODE2428  7.634156e-05 6.758929e-01 3.240308e-01
111.INTNODE2428 3.259703e-03 6.266908e-01 3.700495e-01
155.INTNODE2428 8.455117e-04 6.217388e-01 3.774157e-01
470.INTNODE2428 8.629277e-03 9.913702e-01 5.649905e-07
4.INTNODE2429   7.617857e-04 9.992382e-01 4.160796e-08
13.INTNODE2429  1.044539e-04 4.708234e-01 5.290722e-01
90.INTNODE2429  2.226907e-04 9.997744e-01 2.900791e-06
113.INTNODE2429 2.903674e-02 9.685247e-01 2.438570e-03
145.INTNODE2429 9.872063e-05 3.702682e-01 6.296330e-01
171.INTNODE2429 7.203242e-06 9.999769e-01 1.592617e-05
179.INTNODE2429 2.874634e-04 9.996047e-01 1.078410e-04
184.INTNODE2429 3.898873e-05 9.999564e-01 4.570923e-06
186.INTNODE2429 1.617480e-02 9.836932e-01 1.320521e-04
202.INTNODE2429 2.786490e-05 1.573939e-01 8.425782e-01
205.INTNODE2429 6.486079e-05 2.893047e-01 7.106305e-01
289.INTNODE2429 5.384050e-03 8.973719e-01 9.724401e-02
415.INTNODE2429 1.359795e-03 9.986394e-01 7.898654e-07
113.INTNODE2433 5.565493e-06 2.365367e-01 7.634578e-01
292.INTNODE2433 2.293810e-03 9.977061e-01 4.542770e-08
78.INTNODE2434  1.207726e-03 9.987920e-01 3.037064e-07
85.INTNODE2434  8.580186e-03 9.914184e-01 1.375102e-06
169.INTNODE2434 8.862673e-05 4.824616e-03 9.950868e-01
176.INTNODE2434 8.700617e-08 6.744031e-08 9.999998e-01
201.INTNODE2434 1.115083e-02 9.886911e-01 1.580470e-04
238.INTNODE2434 9.212413e-05 2.321887e-01 7.677192e-01
488.INTNODE2434 2.696925e-03 9.972556e-01 4.751455e-05
60.INTNODE2435  2.622139e-03 9.186472e-01 7.873071e-02
171.INTNODE2435 3.231855e-05 3.686598e-01 6.313079e-01
202.INTNODE2435 4.503642e-04 4.883606e-01 5.111890e-01
206.INTNODE2435 1.069366e-03 7.033197e-01 2.956109e-01
232.INTNODE2435 4.630112e-03 8.065967e-01 1.887732e-01
261.INTNODE2435 6.144594e-03 9.938315e-01 2.390715e-05
[1] 0.003598087 0.735018968 0.261382945
[1] "weights"
[1] 0.003598087 0.735018968 0.261382945
[1] "weights"
[1] 0.003598087 0.735018968 0.261382945
[1] "weights"
[1] 0.003598087 0.735018968 0.261382945
[1] "model lnL"
[1] -2776.391
[1] "------------Step 7"
[1] "Running in group mode"
[1] "expon_lambda root  0.00156860043152243"
[1] "staring with p = " "0.2"              
[1] "precision_p  8.19868617440989e-11"
          p_root lambda_weib_root 
     1.980840923      0.002520722 
[1] "Running in group mode"
[1] "expon_lambda root  0.00175711359835304"
[1] "staring with p = " "0.2"              
[1] "precision_p  3.35376171278767e-12"
          p_root lambda_weib_root 
     0.714139681      0.001290289 
[1] "Running in group mode"
[1] "expon_lambda root  0.008552647369416"
[1] "staring with p = " "0.2"              
[1] "precision_p  2.55795384873636e-13"
          p_root lambda_weib_root 
     0.782031759      0.009797672 
                        [,1]         [,2]         [,3]
156.INTNODE1247 9.449293e-06 2.354772e-01 7.645133e-01
240.INTNODE1247 3.969577e-05 2.536501e-01 7.463102e-01
277.INTNODE1249 9.924410e-08 5.814312e-02 9.418568e-01
467.INTNODE1354 5.661839e-09 4.226711e-02 9.577329e-01
7.INTNODE1628   1.417670e-11 4.108251e-02 9.589175e-01
202.INTNODE1911 1.731500e-09 1.543336e-01 8.456664e-01
203.INTNODE2046 9.758486e-08 1.970701e-01 8.029298e-01
202.INTNODE2079 1.957380e-06 4.924822e-01 5.075158e-01
202.INTNODE2080 1.759793e-09 2.728695e-01 7.271305e-01
206.INTNODE2084 2.303911e-05 9.909615e-01 9.015511e-03
52.INTNODE2226  2.138140e-05 9.996735e-01 3.050922e-04
162.INTNODE2226 2.610533e-07 9.988301e-01 1.169606e-03
157.INTNODE2228 3.313608e-06 9.966759e-01 3.320754e-03
290.INTNODE2230 6.845004e-05 9.984879e-01 1.443608e-03
205.INTNODE2233 1.327370e-08 5.900037e-01 4.099963e-01
467.INTNODE2283 2.398357e-05 4.271238e-01 5.728523e-01
99.INTNODE2298  6.977226e-05 9.969331e-01 2.997114e-03
111.INTNODE2298 4.365302e-04 9.991645e-01 3.989737e-04
489.INTNODE2301 5.365753e-04 9.994535e-01 9.925698e-06
3.INTNODE2304   9.944319e-14 1.236676e-02 9.876332e-01
182.INTNODE2305 1.820752e-04 9.998127e-01 5.248340e-06
169.INTNODE2394 1.545161e-17 4.129544e-07 9.999996e-01
199.INTNODE2394 3.050903e-03 9.960217e-01 9.273956e-04
361.INTNODE2395 1.972242e-02 9.802775e-01 1.145772e-07
86.INTNODE2399  1.811794e-02 9.818817e-01 3.329785e-07
289.INTNODE2399 3.450528e-07 9.770978e-01 2.290190e-02
326.INTNODE2400 7.832634e-06 9.927492e-01 7.243014e-03
88.INTNODE2401  8.635481e-03 9.913595e-01 5.053407e-06
97.INTNODE2401  3.505171e-03 9.964893e-01 5.542859e-06
287.INTNODE2401 2.888175e-03 9.971116e-01 2.061501e-07
289.INTNODE2401 2.373265e-06 2.122470e-01 7.877506e-01
16.INTNODE2402  2.372676e-02 9.762731e-01 9.624045e-08
74.INTNODE2402  3.165540e-03 9.968317e-01 2.769290e-06
91.INTNODE2404  2.955007e-03 9.970329e-01 1.206126e-05
155.INTNODE2404 8.224116e-03 9.917753e-01 5.638689e-07
223.INTNODE2404 2.264841e-02 9.773515e-01 1.223891e-07
173.INTNODE2405 1.543136e-04 9.998453e-01 3.491854e-07
12.INTNODE2406  1.475680e-02 9.852411e-01 2.103728e-06
13.INTNODE2406  2.273625e-02 9.772636e-01 1.149653e-07
71.INTNODE2406  1.541815e-02 9.845814e-01 4.056602e-07
142.INTNODE2406 4.902622e-11 1.048834e-05 9.999895e-01
202.INTNODE2406 1.056943e-07 6.251483e-01 3.748516e-01
205.INTNODE2406 4.893120e-05 8.296722e-02 9.169838e-01
206.INTNODE2406 1.287597e-03 9.184465e-01 8.026595e-02
209.INTNODE2406 6.989986e-03 9.930088e-01 1.260007e-06
210.INTNODE2406 6.378615e-03 9.936167e-01 4.700299e-06
418.INTNODE2406 2.240942e-04 9.997388e-01 3.709222e-05
293.INTNODE2415 7.369445e-03 9.926032e-01 2.737242e-05
138.INTNODE2416 3.217885e-04 9.996398e-01 3.836643e-05
240.INTNODE2421 7.721135e-05 9.999226e-01 2.248417e-07
238.INTNODE2422 8.111248e-30 9.610313e-15 1.000000e+00
269.INTNODE2423 7.674279e-03 9.923120e-01 1.374571e-05
311.INTNODE2423 1.388108e-02 9.861186e-01 3.234231e-07
73.INTNODE2425  4.444525e-05 9.999553e-01 2.645248e-07
151.INTNODE2425 2.666378e-07 9.999796e-01 2.016823e-05
207.INTNODE2425 6.338908e-03 9.336438e-01 6.001729e-02
145.INTNODE2426 7.402093e-04 9.992447e-01 1.506786e-05
178.INTNODE2426 2.350876e-02 9.754458e-01 1.045464e-03
88.INTNODE2428  9.121642e-05 6.685162e-01 3.313926e-01
111.INTNODE2428 5.920363e-03 6.137235e-01 3.803561e-01
