[1] "Initial parameters:"
          lambda        p
[1,] 0.021629296 3.986056
[2,] 0.002887840 8.765685
[3,] 0.001985544 8.136677
[1] 0.3333333 0.3333333 0.3333333
[1] "------------Step 1"
[1] "Running in group mode"
[1] "expon_lambda root  0.00681726132817426"
[1] "staring with p = " "0.2"              
[1] "precision_p  2.34479102800833e-12"
          p_root lambda_weib_root 
     0.975506996      0.006644466 
[1] "Running in group mode"
[1] "expon_lambda root  0.0021804514321172"
[1] "staring with p = " "0.2"              
[1] "precision_p  6.21401966327539e-07"
          p_root lambda_weib_root 
     0.801378261      0.001954571 
[1] "Running in group mode"
[1] "expon_lambda root  0.000961917349263658"
[1] "staring with p = " "0.2"              
[1] "precision_p  2.64647237457893e-09"
          p_root lambda_weib_root 
    0.7011674679     0.0005425501 
                         [,1]         [,2]         [,3]
156.INTNODE1247  1.000000e+00 1.351066e-18 1.229868e-19
240.INTNODE1247  1.000000e+00 7.376000e-17 3.388533e-18
277.INTNODE1249  1.000000e+00 2.914355e-30 1.107602e-31
467.INTNODE1354  1.000000e+00 6.976805e-40 9.678601e-42
7.INTNODE1628    1.000000e+00 1.197067e-50 3.705742e-51
202.INTNODE1911  1.000000e+00 1.660272e-39 1.034291e-39
203.INTNODE2046  1.000000e+00 4.174391e-27 3.569128e-27
202.INTNODE2079  1.000000e+00 2.254822e-24 8.514326e-25
202.INTNODE2080  1.000000e+00 7.744240e-41 7.235426e-41
206.INTNODE2084  1.000000e+00 6.556830e-24 2.273183e-24
52.INTNODE2226   1.000000e+00 1.692458e-31 1.114078e-32
162.INTNODE2226  1.000000e+00 2.792979e-44 1.501385e-45
157.INTNODE2228  1.000000e+00 1.570514e-37 1.640880e-39
290.INTNODE2230  1.000000e+00 4.805033e-25 1.076693e-26
205.INTNODE2233  1.000000e+00 8.960518e-58 5.405679e-62
467.INTNODE2283  1.000000e+00 1.620278e-19 1.454227e-20
99.INTNODE2298   1.000000e+00 3.896668e-18 6.708008e-21
111.INTNODE2298  1.000000e+00 3.822226e-08 3.293974e-10
489.INTNODE2301  2.806514e-45 9.989738e-01 1.026162e-03
3.INTNODE2304    1.000000e+00 3.191093e-32 4.573101e-42
182.INTNODE2305  4.576906e-64 9.981413e-01 1.858687e-03
169.INTNODE2394  1.000000e+00 4.054704e-30 6.271539e-48
199.INTNODE2394  1.069848e-01 8.681590e-01 2.485614e-02
361.INTNODE2395 3.259383e-151 9.783382e-01 2.166181e-02
86.INTNODE2399  4.553611e-193 9.819443e-01 1.805569e-02
289.INTNODE2399 5.747678e-139 9.999999e-01 1.177595e-07
326.INTNODE2400 7.973495e-224 9.999998e-01 2.441160e-07
88.INTNODE2401   0.000000e+00 9.998513e-01 1.487277e-04
97.INTNODE2401   0.000000e+00 9.997644e-01 2.356295e-04
287.INTNODE2401  0.000000e+00 9.620458e-01 3.795425e-02
289.INTNODE2401  1.000000e+00 7.450697e-22 1.300772e-22
16.INTNODE2402   0.000000e+00 9.910179e-01 8.982059e-03
74.INTNODE2402   0.000000e+00 9.998303e-01 1.696600e-04
91.INTNODE2404   0.000000e+00 9.999879e-01 1.206559e-05
155.INTNODE2404  0.000000e+00 9.989476e-01 1.052405e-03
223.INTNODE2404  0.000000e+00 9.925246e-01 7.475367e-03
173.INTNODE2405  0.000000e+00 9.919722e-01 8.027772e-03
12.INTNODE2406   0.000000e+00 9.999392e-01 6.080954e-05
13.INTNODE2406   0.000000e+00 9.928527e-01 7.147265e-03
71.INTNODE2406   0.000000e+00 9.992730e-01 7.269600e-04
142.INTNODE2406  0.000000e+00 1.000000e+00 1.644043e-20
202.INTNODE2406 4.787007e-240 9.999886e-01 1.141225e-05
205.INTNODE2406  0.000000e+00 1.000000e+00 1.094172e-09
206.INTNODE2406  0.000000e+00 1.000000e+00 9.030838e-09
209.INTNODE2406  0.000000e+00 9.989067e-01 1.093293e-03
210.INTNODE2406  0.000000e+00 9.999068e-01 9.323468e-05
418.INTNODE2406  0.000000e+00 9.999964e-01 3.626459e-06
293.INTNODE2415  0.000000e+00 9.999960e-01 3.957910e-06
138.INTNODE2416  0.000000e+00 9.999984e-01 1.588574e-06
240.INTNODE2421  0.000000e+00 9.936919e-01 6.308074e-03
238.INTNODE2422  0.000000e+00 1.000000e+00 6.165079e-31
269.INTNODE2423  0.000000e+00 9.994404e-01 5.595541e-04
311.INTNODE2423  0.000000e+00 9.996031e-01 3.968625e-04
73.INTNODE2425   0.000000e+00 9.926955e-01 7.304548e-03
151.INTNODE2425  0.000000e+00 9.999407e-01 5.934131e-05
207.INTNODE2425 8.714876e-116 9.911413e-01 8.858729e-03
145.INTNODE2426  0.000000e+00 9.999898e-01 1.015314e-05
178.INTNODE2426  0.000000e+00 1.000000e+00 8.921230e-10
88.INTNODE2428  2.211716e-122 9.949677e-01 5.032255e-03
111.INTNODE2428  0.000000e+00 1.000000e+00 2.204026e-08
155.INTNODE2428  2.355722e-02 9.615046e-01 1.493823e-02
470.INTNODE2428  0.000000e+00 9.995828e-01 4.172027e-04
4.INTNODE2429    0.000000e+00 9.764243e-01 2.357567e-02
13.INTNODE2429   8.816270e-10 9.965102e-01 3.489757e-03
90.INTNODE2429   0.000000e+00 9.997346e-01 2.653565e-04
113.INTNODE2429  0.000000e+00 1.000000e+00 5.345415e-11
145.INTNODE2429  1.000000e+00 1.258932e-13 4.270237e-15
171.INTNODE2429  0.000000e+00 9.999889e-01 1.106406e-05
179.INTNODE2429  0.000000e+00 9.999985e-01 1.468125e-06
184.INTNODE2429  0.000000e+00 9.999434e-01 5.661018e-05
186.INTNODE2429  0.000000e+00 1.000000e+00 1.254386e-08
202.INTNODE2429  9.403799e-04 9.987541e-01 3.054931e-04
205.INTNODE2429  9.615274e-02 9.009604e-01 2.886844e-03
289.INTNODE2429  7.082971e-78 9.922531e-01 7.746879e-03
415.INTNODE2429  0.000000e+00 9.998926e-01 1.073603e-04
113.INTNODE2433  1.000000e+00 2.337215e-20 2.721385e-21
292.INTNODE2433  0.000000e+00 9.530906e-01 4.690940e-02
78.INTNODE2434   0.000000e+00 9.922110e-01 7.788987e-03
85.INTNODE2434   0.000000e+00 9.998047e-01 1.952607e-04
169.INTNODE2434  0.000000e+00 1.000000e+00 7.937674e-10
176.INTNODE2434  0.000000e+00 1.000000e+00 9.569508e-27
201.INTNODE2434  0.000000e+00 9.999999e-01 8.372980e-08
238.INTNODE2434  1.296436e-12 9.977567e-01 2.243269e-03
488.INTNODE2434  0.000000e+00 9.999977e-01 2.313711e-06
60.INTNODE2435  3.986861e-286 9.893768e-01 1.062316e-02
171.INTNODE2435  1.000000e+00 1.966968e-15 1.219753e-16
202.INTNODE2435  9.999990e-01 9.550797e-07 1.744477e-08
206.INTNODE2435  0.000000e+00 9.988705e-01 1.129536e-03
232.INTNODE2435 4.263632e-109 9.927640e-01 7.235951e-03
261.INTNODE2435  0.000000e+00 9.995880e-01 4.119845e-04
[1] 0.280307046 0.716364838 0.003328115
[1] "weights"
[1] 0.280307046 0.716364838 0.003328115
[1] "weights"
[1] 0.280307046 0.716364838 0.003328115
[1] "weights"
[1] 0.280307046 0.716364838 0.003328115
[1] "model lnL"
[1] -2793.406
[1] "------------Step 2"
[1] "Running in group mode"
[1] "expon_lambda root  0.00796081527401884"
[1] "staring with p = " "0.2"              
[1] "precision_p  1.4204317722033e-09"
          p_root lambda_weib_root 
     0.853651059      0.008480975 
[1] "Running in group mode"
[1] "expon_lambda root  0.00178028385530271"
[1] "staring with p = " "0.2"              
[1] "precision_p  5.55360202270094e-11"
          p_root lambda_weib_root 
     0.678270643      0.001254974 
[1] "Running in group mode"
[1] "expon_lambda root  0.000965416780298955"
[1] "staring with p = " "0.2"              
[1] "precision_p  4.8046899792098e-11"
          p_root lambda_weib_root 
    0.6492261778     0.0004893663 
                        [,1]         [,2]         [,3]
156.INTNODE1247 5.944429e-01 4.050273e-01 5.298008e-04
240.INTNODE1247 6.237643e-01 3.757816e-01 4.541275e-04
277.INTNODE1249 7.727338e-01 2.271158e-01 1.504302e-04
467.INTNODE1354 8.188091e-01 1.811159e-01 7.505086e-05
7.INTNODE1628   7.286993e-01 2.711332e-01 1.675166e-04
202.INTNODE1911 5.783781e-01 4.211395e-01 4.824142e-04
203.INTNODE2046 4.991064e-01 5.000371e-01 8.564429e-04
202.INTNODE2079 4.564252e-01 5.425570e-01 1.017810e-03
202.INTNODE2080 4.929134e-01 5.063925e-01 6.940138e-04
206.INTNODE2084 1.590438e-01 8.376358e-01 3.320426e-03
52.INTNODE2226  6.930867e-02 9.267322e-01 3.959137e-03
162.INTNODE2226 1.122807e-01 8.855023e-01 2.217020e-03
157.INTNODE2228 1.114379e-01 8.869001e-01 1.662056e-03
290.INTNODE2230 5.492352e-02 9.419683e-01 3.108156e-03
205.INTNODE2233 6.508008e-01 3.491404e-01 5.885181e-05
467.INTNODE2283 5.285692e-01 4.707226e-01 7.081313e-04
99.INTNODE2298  6.248686e-02 9.359454e-01 1.567760e-03
111.INTNODE2298 1.927521e-02 9.768563e-01 3.868541e-03
489.INTNODE2301 2.222522e-03 9.929941e-01 4.783386e-03
3.INTNODE2304   9.724401e-01 2.755981e-02 5.832257e-08
182.INTNODE2305 1.283533e-03 9.928348e-01 5.881655e-03
169.INTNODE2394 9.999870e-01 1.296996e-05 5.347428e-14
199.INTNODE2394 3.039790e-02 9.647000e-01 4.902078e-03
361.INTNODE2395 8.966884e-05 9.706398e-01 2.927058e-02
86.INTNODE2399  1.279932e-04 9.758126e-01 2.405945e-02
289.INTNODE2399 1.188599e-01 8.810543e-01 8.580275e-05
326.INTNODE2400 5.542459e-02 9.444075e-01 1.678696e-04
88.INTNODE2401  5.607634e-04 9.946300e-01 4.809210e-03
97.INTNODE2401  5.352528e-04 9.944278e-01 5.036919e-03
287.INTNODE2401 4.488088e-05 9.689801e-01 3.097504e-02
289.INTNODE2401 5.843510e-01 4.150718e-01 5.772117e-04
16.INTNODE2402  1.756697e-05 9.686447e-01 3.133775e-02
74.INTNODE2402  1.657183e-04 9.939114e-01 5.922900e-03
91.INTNODE2404  3.711494e-04 9.971364e-01 2.492418e-03
155.INTNODE2404 4.245496e-05 9.863983e-01 1.355922e-02
223.INTNODE2404 1.515783e-05 9.699443e-01 3.004052e-02
173.INTNODE2405 1.892595e-05 9.802677e-01 1.971337e-02
12.INTNODE2406  1.234009e-04 9.943236e-01 5.552966e-03
13.INTNODE2406  1.476822e-05 9.699478e-01 3.003739e-02
71.INTNODE2406  3.628845e-05 9.862716e-01 1.369213e-02
142.INTNODE2406 9.997553e-01 2.447394e-04 1.594983e-12
202.INTNODE2406 3.230870e-01 6.768034e-01 1.096617e-04
205.INTNODE2406 9.076437e-01 9.235485e-02 1.453058e-06
206.INTNODE2406 2.209502e-01 7.789932e-01 5.662094e-05
209.INTNODE2406 7.936614e-05 9.884732e-01 1.144740e-02
210.INTNODE2406 2.056124e-04 9.948075e-01 4.986844e-03
418.INTNODE2406 6.475661e-04 9.980238e-01 1.328607e-03
293.INTNODE2415 3.869358e-04 9.977211e-01 1.891947e-03
138.INTNODE2416 3.056382e-04 9.984339e-01 1.260484e-03
240.INTNODE2421 6.370142e-06 9.781516e-01 2.184202e-02
238.INTNODE2422 1.000000e+00 1.216092e-09 1.709632e-22
269.INTNODE2423 2.388998e-04 9.930505e-01 6.710563e-03
311.INTNODE2423 1.336195e-05 9.859204e-01 1.406627e-02
73.INTNODE2425  5.327902e-06 9.780048e-01 2.198987e-02
151.INTNODE2425 8.161721e-05 9.975543e-01 2.364041e-03
207.INTNODE2425 1.794477e-01 8.188722e-01 1.680047e-03
145.INTNODE2426 1.212186e-04 9.973678e-01 2.510978e-03
178.INTNODE2426 3.985748e-03 9.958690e-01 1.452257e-04
88.INTNODE2428  3.496479e-01 6.496952e-01 6.569045e-04
111.INTNODE2428 4.155830e-01 5.843741e-01 4.291723e-05
155.INTNODE2428 4.526126e-01 5.466159e-01 7.715007e-04
470.INTNODE2428 1.252395e-05 9.872198e-01 1.276771e-02
4.INTNODE2429   9.484939e-07 9.554643e-01 4.453475e-02
13.INTNODE2429  5.380868e-01 4.615441e-01 3.691151e-04
90.INTNODE2429  2.053099e-05 9.933907e-01 6.588738e-03
113.INTNODE2429 5.727192e-03 9.942109e-01 6.191268e-05
145.INTNODE2429 5.715915e-01 4.278607e-01 5.477861e-04
171.INTNODE2429 5.040646e-05 9.980561e-01 1.893514e-03
179.INTNODE2429 3.496672e-04 9.986917e-01 9.586050e-04
184.INTNODE2429 2.394613e-05 9.961290e-01 3.847068e-03
186.INTNODE2429 6.124811e-04 9.990065e-01 3.809761e-04
202.INTNODE2429 7.853877e-01 2.145416e-01 7.067362e-05
205.INTNODE2429 6.555967e-01 3.441702e-01 2.331591e-04
289.INTNODE2429 2.282914e-01 7.703054e-01 1.403187e-03
415.INTNODE2429 9.783827e-06 9.924443e-01 7.545949e-03
113.INTNODE2433 5.904014e-01 4.090485e-01 5.500589e-04
292.INTNODE2433 6.872864e-07 9.610622e-01 3.893709e-02
78.INTNODE2434  2.636271e-06 9.843342e-01 1.566313e-02
85.INTNODE2434  1.049315e-05 9.943958e-01 5.593732e-03
169.INTNODE2434 9.860450e-01 1.395488e-02 1.514981e-07
176.INTNODE2434 9.999896e-01 1.041694e-05 1.306155e-15
201.INTNODE2434 3.744999e-04 9.992646e-01 3.609051e-04
238.INTNODE2434 7.066795e-01 2.931419e-01 1.785839e-04
488.INTNODE2434 1.234037e-04 9.989586e-01 9.180300e-04
60.INTNODE2435  1.670387e-01 8.312815e-01 1.679738e-03
171.INTNODE2435 5.419972e-01 4.573678e-01 6.350549e-04
202.INTNODE2435 5.348605e-01 4.645398e-01 5.997024e-04
206.INTNODE2435 3.685122e-01 6.309494e-01 5.383241e-04
232.INTNODE2435 3.235896e-01 6.753643e-01 1.046151e-03
261.INTNODE2435 6.215935e-05 9.989875e-01 9.503076e-04
[1] 0.25511982 0.73898559 0.00589459
[1] "weights"
[1] 0.25511982 0.73898559 0.00589459
[1] "weights"
[1] 0.25511982 0.73898559 0.00589459
[1] "weights"
[1] 0.25511982 0.73898559 0.00589459
[1] "model lnL"
[1] -2777.455
[1] "------------Step 3"
[1] "Running in group mode"
[1] "expon_lambda root  0.00831208700825318"
[1] "staring with p = " "0.2"              
[1] "precision_p  2.04636307898909e-12"
          p_root lambda_weib_root 
      0.80299419       0.00930404 
[1] "Running in group mode"
[1] "expon_lambda root  0.00176183195077529"
[1] "staring with p = " "0.2"              
[1] "precision_p  6.65068000671454e-12"
          p_root lambda_weib_root 
     0.697515829      0.001266225 
[1] "Running in group mode"
[1] "expon_lambda root  0.00114134625507309"
[1] "staring with p = " "0.2"              
[1] "precision_p  4.23350243750065e-12"
          p_root lambda_weib_root 
    0.6822023490     0.0006447117 
                        [,1]         [,2]         [,3]
156.INTNODE1247 6.966955e-01 3.024110e-01 8.934336e-04
240.INTNODE1247 7.098090e-01 2.893415e-01 8.495021e-04
277.INTNODE1249 8.934122e-01 1.064076e-01 1.802078e-04
467.INTNODE1354 9.198180e-01 8.008935e-02 9.268871e-05
7.INTNODE1628   8.822334e-01 1.176144e-01 1.521857e-04
202.INTNODE1911 7.170289e-01 2.823471e-01 6.239660e-04
203.INTNODE2046 6.436161e-01 3.552927e-01 1.091192e-03
202.INTNODE2079 4.729814e-01 5.250517e-01 1.966969e-03
202.INTNODE2080 5.816835e-01 4.172765e-01 1.040008e-03
206.INTNODE2084 3.510481e-02 9.574361e-01 7.459111e-03
52.INTNODE2226  3.721441e-03 9.872965e-01 8.982078e-03
162.INTNODE2226 9.395720e-03 9.851782e-01 5.426041e-03
157.INTNODE2228 1.472059e-02 9.812211e-01 4.058269e-03
290.INTNODE2230 6.105639e-03 9.877028e-01 6.191561e-03
205.INTNODE2233 5.308700e-01 4.688332e-01 2.967933e-04
467.INTNODE2283 5.586956e-01 4.398140e-01 1.490406e-03
99.INTNODE2298  9.704732e-03 9.866938e-01 3.601509e-03
111.INTNODE2298 1.652580e-03 9.915127e-01 6.834693e-03
489.INTNODE2301 6.744887e-05 9.924392e-01 7.493375e-03
3.INTNODE2304   9.877857e-01 1.221402e-02 2.853757e-07
182.INTNODE2305 3.424525e-05 9.916687e-01 8.297005e-03
169.INTNODE2394 9.999996e-01 4.090481e-07 1.454171e-13
199.INTNODE2394 3.543731e-03 9.877836e-01 8.672635e-03
361.INTNODE2395 9.848758e-07 9.735138e-01 2.648526e-02
86.INTNODE2399  2.138544e-06 9.775291e-01 2.246880e-02
289.INTNODE2399 4.355505e-02 9.560731e-01 3.718360e-04
326.INTNODE2400 1.571944e-02 9.836654e-01 6.151970e-04
88.INTNODE2401  2.305954e-05 9.929976e-01 6.979330e-03
97.INTNODE2401  2.287316e-05 9.929748e-01 7.002315e-03
287.INTNODE2401 8.488560e-07 9.764148e-01 2.358439e-02
289.INTNODE2401 6.990823e-01 3.000268e-01 8.908896e-04
16.INTNODE2402  3.722377e-07 9.763958e-01 2.360386e-02
74.INTNODE2402  8.370481e-06 9.927768e-01 7.214817e-03
91.INTNODE2404  3.120626e-05 9.960604e-01 3.908388e-03
155.INTNODE2404 1.634411e-06 9.873802e-01 1.261816e-02
223.INTNODE2404 3.960709e-07 9.776917e-01 2.230794e-02
173.INTNODE2405 7.095513e-07 9.857034e-01 1.429591e-02
12.INTNODE2406  6.736007e-06 9.928986e-01 7.094689e-03
13.INTNODE2406  3.871790e-07 9.774622e-01 2.253739e-02
71.INTNODE2406  1.316491e-06 9.869851e-01 1.301358e-02
142.INTNODE2406 9.999916e-01 8.369289e-06 4.671101e-12
202.INTNODE2406 3.365839e-01 6.630535e-01 3.625779e-04
205.INTNODE2406 9.517696e-01 4.822333e-02 7.051699e-06
206.INTNODE2406 1.591995e-01 8.404704e-01 3.301244e-04
209.INTNODE2406 3.663832e-06 9.884625e-01 1.153385e-02
210.INTNODE2406 1.344613e-05 9.934513e-01 6.535282e-03
418.INTNODE2406 7.766153e-05 9.975579e-01 2.364423e-03
293.INTNODE2415 5.749299e-05 9.966733e-01 3.269195e-03
138.INTNODE2416 5.685592e-05 9.977788e-01 2.164363e-03
240.INTNODE2421 3.308921e-07 9.856837e-01 1.431594e-02
238.INTNODE2422 1.000000e+00 1.022043e-13 1.888500e-23
269.INTNODE2423 2.722240e-05 9.919181e-01 8.054683e-03
311.INTNODE2423 7.270795e-07 9.876004e-01 1.239890e-02
73.INTNODE2425  3.222553e-07 9.861764e-01 1.382328e-02
151.INTNODE2425 1.544878e-05 9.973678e-01 2.616754e-03
207.INTNODE2425 9.912432e-02 8.967687e-01 4.106942e-03
145.INTNODE2426 2.061083e-05 9.964889e-01 3.490472e-03
178.INTNODE2426 1.957941e-03 9.974759e-01 5.661377e-04
88.INTNODE2428  3.365907e-01 6.617709e-01 1.638425e-03
111.INTNODE2428 4.946388e-01 5.051492e-01 2.120249e-04
155.INTNODE2428 4.321347e-01 5.658999e-01 1.965451e-03
470.INTNODE2428 1.000808e-06 9.889152e-01 1.108382e-02
4.INTNODE2429   5.292830e-08 9.769243e-01 2.307568e-02
13.INTNODE2429  5.604222e-01 4.386059e-01 9.719042e-04
90.INTNODE2429  3.155177e-06 9.937596e-01 6.237219e-03
113.INTNODE2429 4.616842e-03 9.950667e-01 3.164586e-04
145.INTNODE2429 6.244489e-01 3.743826e-01 1.168515e-03
171.INTNODE2429 1.310974e-05 9.976263e-01 2.360590e-03
179.INTNODE2429 1.239697e-04 9.981107e-01 1.765325e-03
184.INTNODE2429 4.395596e-06 9.959636e-01 4.032038e-03
186.INTNODE2429 2.345752e-04 9.987120e-01 1.053376e-03
202.INTNODE2429 8.558880e-01 1.439371e-01 1.749008e-04
205.INTNODE2429 7.209434e-01 2.785006e-01 5.559644e-04
289.INTNODE2429 1.492623e-01 8.471663e-01 3.571435e-03
415.INTNODE2429 1.098727e-06 9.929054e-01 7.093464e-03
113.INTNODE2433 6.939393e-01 3.051521e-01 9.085843e-04
292.INTNODE2433 5.260376e-08 9.787159e-01 2.128401e-02
78.INTNODE2434  3.271960e-07 9.886445e-01 1.135516e-02
85.INTNODE2434  1.826418e-06 9.939344e-01 6.063804e-03
169.INTNODE2434 9.970886e-01 2.910977e-03 3.882534e-07
176.INTNODE2434 1.000000e+00 3.416665e-08 1.853353e-15
201.INTNODE2434 2.141779e-04 9.988069e-01 9.789578e-04
238.INTNODE2434 7.804114e-01 2.191727e-01 4.159048e-04
488.INTNODE2434 5.389530e-05 9.981935e-01 1.752619e-03
60.INTNODE2435  1.092888e-01 8.868560e-01 3.855201e-03
171.INTNODE2435 6.005591e-01 3.981745e-01 1.266453e-03
202.INTNODE2435 5.505860e-01 4.479525e-01 1.461530e-03
206.INTNODE2435 3.549930e-01 6.434749e-01 1.532180e-03
232.INTNODE2435 2.605815e-01 7.366124e-01 2.806048e-03
261.INTNODE2435 2.826233e-05 9.981533e-01 1.818461e-03
[1] 0.261256795 0.733194287 0.005548917
[1] "weights"
[1] 0.261256795 0.733194287 0.005548917
[1] "weights"
[1] 0.261256795 0.733194287 0.005548917
[1] "weights"
[1] 0.261256795 0.733194287 0.005548917
[1] "model lnL"
[1] -2776.588
[1] "------------Step 4"
[1] "Running in group mode"
[1] "expon_lambda root  0.00846217489572712"
[1] "staring with p = " "0.2"              
[1] "precision_p  5.6843418860808e-14"
          p_root lambda_weib_root 
     0.788013939      0.009621241 
[1] "Running in group mode"
[1] "expon_lambda root  0.00175755566746093"
[1] "staring with p = " "0.2"              
[1] "precision_p  1.25055521493778e-11"
          p_root lambda_weib_root 
     0.711114362      0.001286174 
[1] "Running in group mode"
[1] "expon_lambda root  0.00122614376446952"
[1] "staring with p = " "0.2"              
[1] "precision_p  2.44892994771817e-12"
          p_root lambda_weib_root 
    0.6961042404     0.0007444281 
                        [,1]         [,2]         [,3]
156.INTNODE1247 7.446098e-01 2.545023e-01 8.878653e-04
240.INTNODE1247 7.365372e-01 2.625438e-01 9.190024e-04
277.INTNODE1249 9.288796e-01 7.096082e-02 1.596292e-04
467.INTNODE1354 9.478346e-01 5.207845e-02 8.697951e-05
7.INTNODE1628   9.411158e-01 5.878112e-02 1.031156e-04
202.INTNODE1911 8.098901e-01 1.896017e-01 5.081560e-04
203.INTNODE2046 7.564271e-01 2.427234e-01 8.494605e-04
202.INTNODE2079 4.993361e-01 4.986046e-01 2.059295e-03
202.INTNODE2080 6.835045e-01 3.155703e-01 9.252256e-04
206.INTNODE2084 1.482769e-02 9.779801e-01 7.192190e-03
52.INTNODE2226  7.469573e-04 9.909320e-01 8.321052e-03
162.INTNODE2226 2.482927e-03 9.919530e-01 5.564088e-03
157.INTNODE2228 5.706587e-03 9.897518e-01 4.541564e-03
290.INTNODE2230 2.433409e-03 9.912352e-01 6.331353e-03
205.INTNODE2233 4.581795e-01 5.412354e-01 5.851175e-04
467.INTNODE2283 5.712887e-01 4.270516e-01 1.659762e-03
99.INTNODE2298  4.634044e-03 9.911278e-01 4.238192e-03
111.INTNODE2298 6.707630e-04 9.923831e-01 6.946089e-03
489.INTNODE2301 2.008322e-05 9.923411e-01 7.638808e-03
3.INTNODE2304   9.882886e-01 1.171039e-02 1.032790e-06
182.INTNODE2305 1.049437e-05 9.917631e-01 8.226420e-03
169.INTNODE2394 9.999996e-01 3.868136e-07 1.464429e-12
199.INTNODE2394 1.512660e-03 9.901593e-01 8.328022e-03
361.INTNODE2395 2.547181e-07 9.795254e-01 2.047430e-02
86.INTNODE2399  6.695602e-07 9.819827e-01 1.801661e-02
289.INTNODE2399 3.025535e-02 9.689785e-01 7.661687e-04
326.INTNODE2400 1.003978e-02 9.888201e-01 1.140117e-03
88.INTNODE2401  9.096123e-06 9.925357e-01 7.455211e-03
97.INTNODE2401  9.598072e-06 9.925583e-01 7.432069e-03
287.INTNODE2401 3.539141e-07 9.813800e-01 1.861960e-02
289.INTNODE2401 7.614648e-01 2.377095e-01 8.257519e-04
16.INTNODE2402  1.660872e-07 9.809441e-01 1.905569e-02
74.INTNODE2402  4.358217e-06 9.923181e-01 7.677574e-03
91.INTNODE2404  1.811623e-05 9.951335e-01 4.848344e-03
155.INTNODE2404 8.786676e-07 9.881866e-01 1.181252e-02
223.INTNODE2404 1.992467e-07 9.817135e-01 1.828634e-02
173.INTNODE2405 4.790807e-07 9.872681e-01 1.273142e-02
12.INTNODE2406  3.429544e-06 9.923100e-01 7.686610e-03
13.INTNODE2406  1.901210e-07 9.815561e-01 1.844369e-02
71.INTNODE2406  6.625455e-07 9.878354e-01 1.216399e-02
142.INTNODE2406 9.999912e-01 8.798112e-06 5.149197e-11
202.INTNODE2406 3.717535e-01 6.276240e-01 6.224664e-04
205.INTNODE2406 9.343723e-01 6.560250e-02 2.522388e-05
206.INTNODE2406 1.086451e-01 8.906145e-01 7.403663e-04
209.INTNODE2406 1.960986e-06 9.890212e-01 1.097688e-02
210.INTNODE2406 7.303925e-06 9.928374e-01 7.155276e-03
418.INTNODE2406 5.191500e-05 9.966690e-01 3.279073e-03
293.INTNODE2415 3.884673e-05 9.956812e-01 4.279928e-03
138.INTNODE2416 4.834762e-05 9.968458e-01 3.105805e-03
240.INTNODE2421 2.805033e-07 9.871464e-01 1.285334e-02
238.INTNODE2422 1.000000e+00 1.928182e-14 2.368756e-22
269.INTNODE2423 1.883472e-05 9.916452e-01 8.335933e-03
311.INTNODE2423 4.724209e-07 9.881344e-01 1.186511e-02
73.INTNODE2425  3.097120e-07 9.874990e-01 1.250070e-02
151.INTNODE2425 2.025109e-05 9.965205e-01 3.459216e-03
207.INTNODE2425 7.345639e-02 9.218427e-01 4.700880e-03
145.INTNODE2426 1.850602e-05 9.955011e-01 4.480443e-03
178.INTNODE2426 1.467571e-03 9.973706e-01 1.161854e-03
88.INTNODE2428  3.385117e-01 6.594251e-01 2.063177e-03
111.INTNODE2428 4.358441e-01 5.636636e-01 4.922520e-04
155.INTNODE2428 4.045261e-01 5.930670e-01 2.406903e-03
470.INTNODE2428 7.988373e-07 9.891096e-01 1.088958e-02
4.INTNODE2429   5.262721e-08 9.811052e-01 1.889475e-02
13.INTNODE2429  5.499629e-01 4.487476e-01 1.289473e-03
90.INTNODE2429  3.475256e-06 9.930591e-01 6.937408e-03
113.INTNODE2429 3.664304e-03 9.955755e-01 7.601770e-04
145.INTNODE2429 6.347735e-01 3.638841e-01 1.342389e-03
171.INTNODE2429 1.753310e-05 9.966871e-01 3.295318e-03
179.INTNODE2429 1.317101e-04 9.971947e-01 2.673550e-03
184.INTNODE2429 5.292033e-06 9.950204e-01 4.974260e-03
186.INTNODE2429 1.917078e-04 9.979354e-01 1.872882e-03
202.INTNODE2429 8.526216e-01 1.471101e-01 2.683090e-04
205.INTNODE2429 7.217146e-01 2.775509e-01 7.344997e-04
289.INTNODE2429 1.179544e-01 8.778467e-01 4.198938e-03
415.INTNODE2429 1.039287e-06 9.922122e-01 7.786717e-03
113.INTNODE2433 7.457852e-01 2.533285e-01 8.863900e-04
292.INTNODE2433 5.627198e-08 9.819701e-01 1.802983e-02
78.INTNODE2434  3.678053e-07 9.888392e-01 1.116041e-02
85.INTNODE2434  1.805507e-06 9.929610e-01 7.037183e-03
169.INTNODE2434 9.962136e-01 3.785080e-03 1.366457e-06
176.INTNODE2434 1.000000e+00 4.408951e-08 4.983603e-14
201.INTNODE2434 2.105573e-04 9.980061e-01 1.783333e-03
238.INTNODE2434 7.785022e-01 2.209338e-01 5.639990e-04
488.INTNODE2434 5.900324e-05 9.972028e-01 2.738211e-03
60.INTNODE2435  9.231685e-02 9.032688e-01 4.414375e-03
171.INTNODE2435 6.276840e-01 3.709373e-01 1.378669e-03
202.INTNODE2435 5.329726e-01 4.652355e-01 1.791951e-03
206.INTNODE2435 3.264884e-01 6.714349e-01 2.076653e-03
232.INTNODE2435 2.192639e-01 7.773047e-01 3.431362e-03
261.INTNODE2435 3.054346e-05 9.971099e-01 2.859605e-03
[1] 0.264112132 0.730531370 0.005356498
[1] "weights"
[1] 0.264112132 0.730531370 0.005356498
[1] "weights"
[1] 0.264112132 0.730531370 0.005356498
[1] "weights"
[1] 0.264112132 0.730531370 0.005356498
[1] "model lnL"
[1] -2776.464
[1] "------------Step 5"
[1] "Running in group mode"
[1] "expon_lambda root  0.00851403347986937"
[1] "staring with p = " "0.2"              
[1] "precision_p  2.8421709430404e-14"
          p_root lambda_weib_root 
     0.783846964      0.009723251 
[1] "Running in group mode"
[1] "expon_lambda root  0.00175601841237428"
[1] "staring with p = " "0.2"              
[1] "precision_p  5.79802872380242e-12"
          p_root lambda_weib_root 
     0.715984795      0.001293377 
[1] "Running in group mode"
[1] "expon_lambda root  0.00128712166008711"
[1] "staring with p = " "0.2"              
[1] "precision_p  1.46038736659193e-12"
          p_root lambda_weib_root 
    0.6978185736     0.0008041894 
                        [,1]         [,2]         [,3]
156.INTNODE1247 7.619018e-01 2.371711e-01 9.271011e-04
240.INTNODE1247 7.464390e-01 2.525736e-01 9.873987e-04
277.INTNODE1249 9.393825e-01 6.045198e-02 1.655131e-04
467.INTNODE1354 9.560792e-01 4.382642e-02 9.439955e-05
7.INTNODE1628   9.557030e-01 4.419711e-02 9.993992e-05
202.INTNODE1911 8.397849e-01 1.597068e-01 5.082776e-04
203.INTNODE2046 7.936929e-01 2.054952e-01 8.118905e-04
202.INTNODE2079 5.110956e-01 4.867171e-01 2.187310e-03
202.INTNODE2080 7.213990e-01 2.776485e-01 9.524964e-04
206.INTNODE2084 1.083224e-02 9.821345e-01 7.033226e-03
52.INTNODE2226  4.187476e-04 9.916574e-01 7.923843e-03
162.INTNODE2226 1.547690e-03 9.927143e-01 5.737970e-03
157.INTNODE2228 4.107875e-03 9.909971e-01 4.895051e-03
290.INTNODE2230 1.768131e-03 9.918087e-01 6.423169e-03
205.INTNODE2233 4.367635e-01 5.623790e-01 8.574403e-04
467.INTNODE2283 5.772230e-01 4.209814e-01 1.795634e-03
99.INTNODE2298  3.587480e-03 9.917598e-01 4.652678e-03
111.INTNODE2298 4.901481e-04 9.925372e-01 6.972615e-03
489.INTNODE2301 1.312089e-05 9.923517e-01 7.635147e-03
3.INTNODE2304   9.886322e-01 1.136552e-02 2.270258e-06
182.INTNODE2305 6.938837e-06 9.918514e-01 8.141678e-03
169.INTNODE2394 9.999996e-01 3.863324e-07 5.763385e-12
199.INTNODE2394 1.119415e-03 9.908539e-01 8.026692e-03
361.INTNODE2395 1.581208e-07 9.827542e-01 1.724564e-02
86.INTNODE2399  4.442935e-07 9.844735e-01 1.552605e-02
289.INTNODE2399 2.665765e-02 9.721707e-01 1.171622e-03
326.INTNODE2400 8.535658e-03 9.898432e-01 1.621187e-03
88.INTNODE2401  6.495162e-06 9.924434e-01 7.550154e-03
97.INTNODE2401  7.024412e-06 9.924511e-01 7.541844e-03
287.INTNODE2401 2.610351e-07 9.838941e-01 1.610568e-02
289.INTNODE2401 7.833776e-01 2.157804e-01 8.420180e-04
16.INTNODE2402  1.239270e-07 9.835324e-01 1.646752e-02
74.INTNODE2402  3.423035e-06 9.921935e-01 7.803077e-03
91.INTNODE2404  1.468946e-05 9.946290e-01 5.356285e-03
155.INTNODE2404 6.974531e-07 9.888621e-01 1.113725e-02
223.INTNODE2404 1.547224e-07 9.840559e-01 1.594391e-02
173.INTNODE2405 4.166283e-07 9.880526e-01 1.194703e-02
12.INTNODE2406  2.646233e-06 9.921928e-01 7.804580e-03
13.INTNODE2406  1.460139e-07 9.839558e-01 1.604410e-02
71.INTNODE2406  5.114196e-07 9.886017e-01 1.139775e-02
142.INTNODE2406 9.999905e-01 9.543046e-06 2.036799e-10
202.INTNODE2406 3.861162e-01 6.130036e-01 8.801464e-04
205.INTNODE2406 9.249946e-01 7.495683e-02 4.858033e-05
206.INTNODE2406 9.208465e-02 9.067949e-01 1.120490e-03
209.INTNODE2406 1.551764e-06 9.895520e-01 1.044641e-02
210.INTNODE2406 5.783439e-06 9.926455e-01 7.348704e-03
418.INTNODE2406 4.430124e-05 9.960542e-01 3.901506e-03
293.INTNODE2415 3.272607e-05 9.951415e-01 4.825797e-03
138.INTNODE2416 4.440672e-05 9.962084e-01 3.747208e-03
240.INTNODE2421 2.614739e-07 9.878913e-01 1.210847e-02
238.INTNODE2422 1.000000e+00 1.139858e-14 1.583854e-21
269.INTNODE2423 1.616148e-05 9.916923e-01 8.291490e-03
311.INTNODE2423 3.945480e-07 9.887705e-01 1.122913e-02
73.INTNODE2425  3.020331e-07 9.881345e-01 1.186520e-02
151.INTNODE2425 2.210295e-05 9.958210e-01 4.156917e-03
207.INTNODE2425 6.554771e-02 9.294865e-01 4.965834e-03
145.INTNODE2426 1.728375e-05 9.949231e-01 5.059584e-03
178.INTNODE2426 1.254589e-03 9.970893e-01 1.656100e-03
88.INTNODE2428  3.395942e-01 6.580375e-01 2.368278e-03
111.INTNODE2428 4.067820e-01 5.924629e-01 7.551931e-04
155.INTNODE2428 3.944825e-01 6.028570e-01 2.660527e-03
470.INTNODE2428 7.154332e-07 9.895131e-01 1.048621e-02
4.INTNODE2429   5.122977e-08 9.833201e-01 1.667982e-02
13.INTNODE2429  5.462399e-01 4.522500e-01 1.510188e-03
90.INTNODE2429  3.489666e-06 9.927096e-01 7.286900e-03
113.INTNODE2429 3.147698e-03 9.956824e-01 1.169935e-03
145.INTNODE2429 6.389915e-01 3.595414e-01 1.467182e-03
171.INTNODE2429 1.887865e-05 9.959923e-01 3.988787e-03
179.INTNODE2429 1.293669e-04 9.965599e-01 3.310765e-03
184.INTNODE2429 5.485936e-06 9.944175e-01 5.576972e-03
186.INTNODE2429 1.683040e-04 9.973701e-01 2.461622e-03
202.INTNODE2429 8.509482e-01 1.487103e-01 3.414572e-04
205.INTNODE2429 7.218422e-01 2.772942e-01 8.635078e-04
289.INTNODE2429 1.077193e-01 8.877842e-01 4.496480e-03
415.INTNODE2429 9.823849e-07 9.919803e-01 8.018708e-03
113.INTNODE2433 7.644791e-01 2.346011e-01 9.197674e-04
292.INTNODE2433 5.544237e-08 9.839581e-01 1.604180e-02
78.INTNODE2434  3.672484e-07 9.892041e-01 1.079551e-02
85.INTNODE2434  1.703670e-06 9.926451e-01 7.353235e-03
169.INTNODE2434 9.956661e-01 4.331308e-03 2.618611e-06
176.INTNODE2434 9.999999e-01 5.661779e-08 3.062505e-13
201.INTNODE2434 1.952680e-04 9.974349e-01 2.369844e-03
238.INTNODE2434 7.772640e-01 2.220659e-01 6.700979e-04
488.INTNODE2434 5.734069e-05 9.965619e-01 3.380745e-03
60.INTNODE2435  8.645180e-02 9.088489e-01 4.699323e-03
171.INTNODE2435 6.385071e-01 3.600117e-01 1.481214e-03
202.INTNODE2435 5.264107e-01 4.715979e-01 1.991377e-03
206.INTNODE2435 3.147793e-01 6.827963e-01 2.424339e-03
232.INTNODE2435 2.046428e-01 7.916120e-01 3.745212e-03
261.INTNODE2435 2.920941e-05 9.964642e-01 3.506554e-03
[1] 0.26510366 0.72964286 0.00525348
[1] "weights"
[1] 0.26510366 0.72964286 0.00525348
[1] "weights"
[1] 0.26510366 0.72964286 0.00525348
[1] "weights"
[1] 0.26510366 0.72964286 0.00525348
[1] "model lnL"
[1] -2776.448
[1] "------------Step 6"
[1] "Running in group mode"
[1] "expon_lambda root  0.00852998801422261"
[1] "staring with p = " "0.2"              
[1] "precision_p  3.41060513164848e-13"
          p_root lambda_weib_root 
     0.782681121      0.009753566 
[1] "Running in group mode"
[1] "expon_lambda root  0.00175528833220677"
[1] "staring with p = " "0.2"              
[1] "precision_p  6.99174051987939e-12"
          p_root lambda_weib_root 
     0.717510436      0.001295383 
[1] "Running in group mode"
[1] "expon_lambda root  0.00133402871700882"
[1] "staring with p = " "0.2"              
[1] "precision_p  1.14974696430181e-12"
          p_root lambda_weib_root 
    0.6952466472     0.0008433184 
                        [,1]         [,2]         [,3]
156.INTNODE1247 7.673536e-01 2.316595e-01 9.869423e-04
240.INTNODE1247 7.496961e-01 2.492482e-01 1.055657e-03
277.INTNODE1249 9.424515e-01 5.736654e-02 1.819279e-04
467.INTNODE1354 9.584829e-01 4.140923e-02 1.078274e-04
7.INTNODE1628   9.596220e-01 4.026613e-02 1.118431e-04
202.INTNODE1911 8.486177e-01 1.508279e-01 5.544599e-04
203.INTNODE2046 8.046800e-01 1.944681e-01 8.519263e-04
202.INTNODE2079 5.152127e-01 4.824559e-01 2.331473e-03
202.INTNODE2080 7.331630e-01 2.657924e-01 1.044643e-03
206.INTNODE2084 9.845138e-03 9.831606e-01 6.994309e-03
52.INTNODE2226  3.508509e-04 9.919135e-01 7.735602e-03
162.INTNODE2226 1.340955e-03 9.926985e-01 5.960554e-03
157.INTNODE2228 3.717578e-03 9.910780e-01 5.204394e-03
290.INTNODE2230 1.603347e-03 9.918691e-01 6.527600e-03
205.INTNODE2233 4.309273e-01 5.679648e-01 1.107885e-03
467.INTNODE2283 5.794203e-01 4.186620e-01 1.917645e-03
99.INTNODE2298  3.314911e-03 9.917163e-01 4.968835e-03
111.INTNODE2298 4.446647e-04 9.925516e-01 7.003774e-03
489.INTNODE2301 1.147997e-05 9.923659e-01 7.622620e-03
3.INTNODE2304   9.887798e-01 1.121627e-02 3.935273e-06
182.INTNODE2305 6.092675e-06 9.918961e-01 8.097803e-03
169.INTNODE2394 9.999996e-01 3.841733e-07 1.419352e-11
199.INTNODE2394 1.019547e-03 9.911564e-01 7.824048e-03
361.INTNODE2395 1.359765e-07 9.847080e-01 1.529184e-02
86.INTNODE2399  3.898954e-07 9.860213e-01 1.397828e-02
289.INTNODE2399 2.560781e-02 9.728344e-01 1.557785e-03
326.INTNODE2400 8.099918e-03 9.898571e-01 2.042969e-03
88.INTNODE2401  5.824184e-06 9.924573e-01 7.536898e-03
97.INTNODE2401  6.347960e-06 9.924361e-01 7.557558e-03
287.INTNODE2401 2.364920e-07 9.853974e-01 1.460233e-02
289.INTNODE2401 7.901475e-01 2.089592e-01 8.933273e-04
16.INTNODE2402  1.124528e-07 9.851886e-01 1.481125e-02
74.INTNODE2402  3.156237e-06 9.921795e-01 7.817385e-03
91.INTNODE2404  1.367171e-05 9.943334e-01 5.652892e-03
155.INTNODE2404 6.446993e-07 9.893896e-01 1.060977e-02
223.INTNODE2404 1.420577e-07 9.855820e-01 1.441789e-02
173.INTNODE2405 3.962590e-07 9.885330e-01 1.146663e-02
12.INTNODE2406  2.423989e-06 9.922260e-01 7.771613e-03
13.INTNODE2406  1.335909e-07 9.855197e-01 1.448013e-02
71.INTNODE2406  4.685079e-07 9.892104e-01 1.078912e-02
142.INTNODE2406 9.999902e-01 9.803638e-06 4.759946e-10
202.INTNODE2406 3.905903e-01 6.082807e-01 1.129050e-03
205.INTNODE2406 9.217778e-01 7.815184e-02 7.039943e-05
206.INTNODE2406 8.716229e-02 9.113984e-01 1.439297e-03
209.INTNODE2406 1.433602e-06 9.899820e-01 1.001655e-02
210.INTNODE2406 5.343390e-06 9.926024e-01 7.392292e-03
418.INTNODE2406 4.190076e-05 9.956161e-01 4.341959e-03
293.INTNODE2415 3.077531e-05 9.948350e-01 5.134215e-03
138.INTNODE2416 4.288284e-05 9.957648e-01 4.192307e-03
240.INTNODE2421 2.535943e-07 9.883644e-01 1.163531e-02
238.INTNODE2422 1.000000e+00 9.651160e-15 6.597819e-21
269.INTNODE2423 1.530192e-05 9.918184e-01 8.166253e-03
311.INTNODE2423 3.695744e-07 9.893317e-01 1.066792e-02
73.INTNODE2425  2.969563e-07 9.885301e-01 1.146964e-02
151.INTNODE2425 2.252726e-05 9.952507e-01 4.726755e-03
207.INTNODE2425 6.322749e-02 9.316591e-01 5.113380e-03
145.INTNODE2426 1.676371e-05 9.945699e-01 5.413366e-03
178.INTNODE2426 1.183786e-03 9.967861e-01 2.030109e-03
88.INTNODE2428  3.399648e-01 6.574279e-01 2.607259e-03
111.INTNODE2428 3.970193e-01 6.020156e-01 9.651614e-04
155.INTNODE2428 3.915015e-01 6.056723e-01 2.826265e-03
470.INTNODE2428 6.843276e-07 9.899199e-01 1.007945e-02
4.INTNODE2429   5.024025e-08 9.847453e-01 1.525462e-02
13.INTNODE2429  5.452434e-01 4.530810e-01 1.675551e-03
90.INTNODE2429  3.457427e-06 9.925334e-01 7.463144e-03
113.INTNODE2429 2.970536e-03 9.955319e-01 1.497607e-03
145.INTNODE2429 6.405401e-01 3.578908e-01 1.569136e-03
171.INTNODE2429 1.911506e-05 9.954772e-01 4.503639e-03
179.INTNODE2429 1.273982e-04 9.961158e-01 3.756823e-03
184.INTNODE2429 5.488054e-06 9.940201e-01 5.974364e-03
186.INTNODE2429 1.598598e-04 9.969788e-01 2.861371e-03
202.INTNODE2429 8.505444e-01 1.490569e-01 3.987324e-04
205.INTNODE2429 7.220570e-01 2.769799e-01 9.630908e-04
289.INTNODE2429 1.046619e-01 8.906724e-01 4.665696e-03
415.INTNODE2429 9.543506e-07 9.919387e-01 8.060393e-03
113.INTNODE2433 7.703523e-01 2.286694e-01 9.783421e-04
292.INTNODE2433 5.448981e-08 9.853402e-01 1.465978e-02
78.INTNODE2434  3.624166e-07 9.895863e-01 1.041331e-02
85.INTNODE2434  1.651571e-06 9.925978e-01 7.400574e-03
169.INTNODE2434 9.954767e-01 4.519603e-03 3.743200e-06
176.INTNODE2434 9.999999e-01 6.173456e-08 8.566544e-13
201.INTNODE2434 1.883726e-04 9.970428e-01 2.768876e-03
238.INTNODE2434 7.770220e-01 2.222283e-01 7.497016e-04
488.INTNODE2434 5.612897e-05 9.961549e-01 3.788995e-03
60.INTNODE2435  8.463923e-02 9.104859e-01 4.874916e-03
171.INTNODE2435 6.421203e-01 3.562988e-01 1.580929e-03
202.INTNODE2435 5.245606e-01 4.733124e-01 2.126955e-03
206.INTNODE2435 3.110595e-01 6.862805e-01 2.660014e-03
232.INTNODE2435 2.002130e-01 7.958614e-01 3.925585e-03
261.INTNODE2435 2.840878e-05 9.960795e-01 3.892123e-03
[1] 0.26542887 0.72937826 0.00519287
[1] "weights"
[1] 0.26542887 0.72937826 0.00519287
[1] "weights"
[1] 0.26542887 0.72937826 0.00519287
[1] "weights"
[1] 0.26542887 0.72937826 0.00519287
[1] "model lnL"
[1] -2776.446
[1] "------------Step 7"
[1] "Running in group mode"
[1] "expon_lambda root  0.00853457948149052"
[1] "staring with p = " "0.2"              
[1] "precision_p  5.6843418860808e-14"
          p_root lambda_weib_root 
     0.782351064      0.009762161 
[1] "Running in group mode"
[1] "expon_lambda root  0.0017548422748947"
[1] "staring with p = " "0.2"              
[1] "precision_p  1.09139364212751e-11"
          p_root lambda_weib_root 
     0.717989471      0.001295791 
[1] "Running in group mode"
[1] "expon_lambda root  0.00137101993007504"
[1] "staring with p = " "0.2"              
[1] "precision_p  7.92033105767587e-13"
          p_root lambda_weib_root 
    0.6913386907     0.0008709573 
                        [,1]         [,2]         [,3]
156.INTNODE1247 7.690102e-01 2.299415e-01 1.048334e-03
240.INTNODE1247 7.507183e-01 2.481641e-01 1.117598e-03
277.INTNODE1249 9.433589e-01 5.644027e-02 2.007813e-04
467.INTNODE1354 9.591966e-01 4.068064e-02 1.227957e-04
7.INTNODE1628   9.607451e-01 3.912642e-02 1.285252e-04
202.INTNODE1911 8.512247e-01 1.481616e-01 6.137921e-04
203.INTNODE2046 8.078986e-01 1.911878e-01 9.136264e-04
202.INTNODE2079 5.165341e-01 4.809965e-01 2.469416e-03
202.INTNODE2080 7.366925e-01 2.621524e-01 1.155042e-03
206.INTNODE2084 9.576453e-03 9.834407e-01 6.982817e-03
52.INTNODE2226  3.332380e-04 9.920653e-01 7.601472e-03
162.INTNODE2226 1.286371e-03 9.925574e-01 6.156253e-03
157.INTNODE2228 3.611481e-03 9.909299e-01 5.458589e-03
290.INTNODE2230 1.558220e-03 9.918283e-01 6.613435e-03
205.INTNODE2233 4.294429e-01 5.692206e-01 1.336533e-03
467.INTNODE2283 5.801595e-01 4.178162e-01 2.024285e-03
99.INTNODE2298  3.239168e-03 9.915476e-01 5.213211e-03
111.INTNODE2298 4.321095e-04 9.925450e-01 7.022912e-03
489.INTNODE2301 1.103484e-05 9.923946e-01 7.594339e-03
3.INTNODE2304   9.888445e-01 1.114958e-02 5.924579e-06
182.INTNODE2305 5.862396e-06 9.919366e-01 8.057517e-03
169.INTNODE2394 9.999996e-01 3.823132e-07 2.704634e-11
199.INTNODE2394 9.919486e-04 9.913415e-01 7.666562e-03
361.INTNODE2395 1.300484e-07 9.860430e-01 1.395690e-02
86.INTNODE2399  3.750800e-07 9.870952e-01 1.290447e-02
289.INTNODE2399 2.531662e-02 9.727689e-01 1.914485e-03
326.INTNODE2400 7.976736e-03 9.896142e-01 2.409042e-03
88.INTNODE2401  5.636522e-06 9.925112e-01 7.483172e-03
97.INTNODE2401  6.157582e-06 9.924591e-01 7.534773e-03
287.INTNODE2401 2.296109e-07 9.864094e-01 1.359041e-02
289.INTNODE2401 7.921792e-01 2.068690e-01 9.517896e-04
16.INTNODE2402  1.092068e-07 9.863410e-01 1.365885e-02
74.INTNODE2402  3.078971e-06 9.922048e-01 7.792118e-03
91.INTNODE2404  1.337325e-05 9.941456e-01 5.841033e-03
155.INTNODE2404 6.293396e-07 9.898005e-01 1.019890e-02
223.INTNODE2404 1.384207e-07 9.866517e-01 1.334816e-02
173.INTNODE2405 3.900730e-07 9.888534e-01 1.114624e-02
12.INTNODE2406  2.359789e-06 9.923061e-01 7.691559e-03
13.INTNODE2406  1.300366e-07 9.866175e-01 1.338241e-02
71.INTNODE2406  4.561295e-07 9.896891e-01 1.031048e-02
142.INTNODE2406 9.999901e-01 9.862168e-06 8.485717e-10
202.INTNODE2406 3.920277e-01 6.066096e-01 1.362691e-03
205.INTNODE2406 9.208564e-01 7.905421e-02 8.940231e-05
206.INTNODE2406 8.576326e-02 9.125336e-01 1.703164e-03
209.INTNODE2406 1.399306e-06 9.903249e-01 9.673727e-03
210.INTNODE2406 5.215427e-06 9.926152e-01 7.379611e-03
418.INTNODE2406 4.118489e-05 9.952882e-01 4.670645e-03
293.INTNODE2415 3.019072e-05 9.946475e-01 5.322329e-03
138.INTNODE2416 4.239810e-05 9.954371e-01 4.520476e-03
240.INTNODE2421 2.510105e-07 9.886828e-01 1.131697e-02
238.INTNODE2422 1.000000e+00 9.145621e-15 1.953375e-20
269.INTNODE2423 1.504318e-05 9.919518e-01 8.033118e-03
311.INTNODE2423 3.620698e-07 9.897878e-01 1.021188e-02
73.INTNODE2425  2.950929e-07 9.887868e-01 1.121288e-02
151.INTNODE2425 2.262893e-05 9.947672e-01 5.210142e-03
207.INTNODE2425 6.256155e-02 9.322339e-01 5.204537e-03
145.INTNODE2426 1.659267e-05 9.943317e-01 5.651714e-03
178.INTNODE2426 1.162630e-03 9.965231e-01 2.314304e-03
88.INTNODE2428  3.401212e-01 6.570779e-01 2.800868e-03
111.INTNODE2428 3.941643e-01 6.047048e-01 1.130885e-03
155.INTNODE2428 3.906790e-01 6.063754e-01 2.945534e-03
