[1] "Initial parameters:"
           lambda          p
[1,] 0.0003318208  0.4811971
[2,] 0.0053434771 10.9891005
[3,] 0.0464747220  1.1699426
[1] 0.3333333 0.3333333 0.3333333
[1] "------------Step 1"
[1] "Running in group mode"
[1] "expon_lambda root  0.00246526254163936"
[1] "staring with p = " "0.2"              
[1] "precision_p  1.13686837721616e-13"
          p_root lambda_weib_root 
     0.730430456      0.002081489 
[1] "Running in group mode"
[1] "expon_lambda root  0.00197691648294833"
[1] "staring with p = " "0.2"              
[1] "staring with p = " "1.2"              
[1] "staring with p = " "2.2"              
[1] "staring with p = " "3.2"              
[1] "precision_p  7.66705952059965e-08"
          p_root lambda_weib_root 
     5.825302523      0.004966773 
[1] "Running in group mode"
[1] "expon_lambda root  0.0313940711367839"
[1] "staring with p = " "0.2"              
[1] "precision_p  1.00665284108459e-06"
          p_root lambda_weib_root 
      1.05302755       0.03204946 
                        [,1]          [,2]          [,3]
156.INTNODE1247 6.760054e-02  3.133436e-20  9.323995e-01
240.INTNODE1247 7.290965e-02  3.255135e-15  9.270904e-01
277.INTNODE1249 6.078532e-04  7.288790e-34  9.993921e-01
467.INTNODE1354 1.412471e-02  5.807317e-43  9.858753e-01
7.INTNODE1628   3.646142e-03  4.883055e-66  9.963539e-01
202.INTNODE1911 5.558814e-02  5.581212e-52  9.444119e-01
203.INTNODE2046 3.129124e-02  7.289695e-37  9.687088e-01
202.INTNODE2079 6.361986e-01  2.459292e-29  3.638014e-01
202.INTNODE2080 6.182228e-01  8.560045e-54  3.817772e-01
206.INTNODE2084 1.000000e+00  9.790059e-28  3.825072e-09
52.INTNODE2226  1.000000e+00  5.837665e-33  7.024620e-18
162.INTNODE2226 1.000000e+00  2.105246e-49  6.103482e-17
157.INTNODE2228 1.000000e+00  6.080139e-38  1.325643e-19
290.INTNODE2230 1.000000e+00  9.891946e-26  8.948810e-22
205.INTNODE2233 1.000000e+00  1.598558e-54  3.107276e-16
467.INTNODE2283 6.528071e-01  5.338447e-19  3.471929e-01
99.INTNODE2298  1.000000e+00  4.452785e-25  4.364516e-27
111.INTNODE2298 1.000000e+00  8.331935e-19  1.389387e-30
489.INTNODE2301 1.000000e+00  7.631499e-21  8.196607e-50
3.INTNODE2304   1.000000e+00  1.640529e-85  2.214223e-30
182.INTNODE2305 1.000000e+00  4.259895e-25  8.164857e-53
169.INTNODE2394 1.000000e+00  9.159160e-78  1.730808e-20
199.INTNODE2394 1.000000e+00  8.318652e-10  3.276925e-24
361.INTNODE2395 9.999997e-01  2.870106e-07  5.043806e-63
86.INTNODE2399  9.999955e-01  4.529942e-06  1.026002e-61
289.INTNODE2399 1.000000e+00  9.469491e-45  3.528915e-48
326.INTNODE2400 1.000000e+00  3.352786e-32  4.142464e-51
88.INTNODE2401  9.999995e-01  5.275459e-07  2.477956e-64
97.INTNODE2401  1.000000e+00  2.352475e-10  4.890750e-64
287.INTNODE2401 1.000000e+00  1.117634e-11  8.280100e-69
289.INTNODE2401 1.869780e-02  1.591620e-25  9.813022e-01
16.INTNODE2402  7.284328e-01  2.715672e-01  2.228603e-79
74.INTNODE2402  1.000000e+00  3.885650e-08  1.549523e-74
91.INTNODE2404  9.999995e-01  4.572199e-07  5.261629e-76
155.INTNODE2404 9.988853e-01  1.114665e-03  1.087811e-79
223.INTNODE2404 1.708982e-01  8.291018e-01  3.154281e-82
173.INTNODE2405 1.000000e+00  1.322141e-18  1.294261e-82
12.INTNODE2406  6.709016e-01  3.290984e-01  2.398733e-79
13.INTNODE2406  1.217737e-01  8.782263e-01  6.547698e-83
71.INTNODE2406  7.185883e-01  2.814117e-01  9.185782e-82
142.INTNODE2406 1.000000e+00  1.701700e-27  1.670181e-49
202.INTNODE2406 1.000000e+00  1.039216e-42  7.811352e-31
205.INTNODE2406 1.000000e+00  2.342420e-11  5.205704e-28
206.INTNODE2406 1.000000e+00  1.128295e-08  2.216318e-47
209.INTNODE2406 9.995722e-01  4.277687e-04  1.748772e-75
210.INTNODE2406 9.996023e-01  3.976601e-04  5.804160e-75
418.INTNODE2406 1.000000e+00  2.060726e-16  1.179389e-76
293.INTNODE2415 9.995811e-01  4.189022e-04  2.207363e-80
138.INTNODE2416 1.000000e+00  6.583277e-18  3.397733e-86
240.INTNODE2421 1.000000e+00  2.190843e-25  9.788120e-94
238.INTNODE2422 1.000000e+00 4.141597e-113  9.511811e-37
269.INTNODE2423 1.000000e+00  1.838492e-08  1.205600e-71
311.INTNODE2423 9.999983e-01  1.681411e-06  7.788067e-93
73.INTNODE2425  1.000000e+00  2.957581e-32  1.616927e-95
151.INTNODE2425 1.000000e+00  5.257986e-51  6.909894e-91
207.INTNODE2425 9.343477e-01  6.565226e-02  3.595901e-15
145.INTNODE2426 1.000000e+00  5.127598e-29  6.014777e-89
178.INTNODE2426 1.000000e+00  4.593601e-15  1.523345e-85
88.INTNODE2428  1.000000e+00  8.879025e-16  1.712431e-12
111.INTNODE2428 5.515342e-01  4.484658e-01  8.112598e-40
155.INTNODE2428 9.999768e-01  4.523295e-06  1.868356e-05
470.INTNODE2428 1.000000e+00  9.039055e-28  5.126209e-95
4.INTNODE2429   1.000000e+00 1.360362e-130 5.024942e-107
13.INTNODE2429  9.999998e-01  4.207849e-13  1.783679e-07
90.INTNODE2429  1.000000e+00 2.678517e-126  4.486204e-97
113.INTNODE2429 1.000000e+00 2.721740e-109  1.993193e-92
145.INTNODE2429 8.048657e-01  6.450485e-12  1.951343e-01
171.INTNODE2429 1.000000e+00 2.015492e-146 1.542676e-100
179.INTNODE2429 1.000000e+00 5.459933e-129  1.749761e-89
184.INTNODE2429 1.000000e+00 2.364672e-140 7.148277e-101
186.INTNODE2429 1.000000e+00 3.927131e-113  3.504215e-95
202.INTNODE2429 9.999819e-01  2.533778e-13  1.808829e-05
205.INTNODE2429 9.998036e-01  1.601766e-12  1.964072e-04
289.INTNODE2429 6.280112e-01  3.719888e-01  1.448743e-13
415.INTNODE2429 1.000000e+00 4.858091e-127 1.170617e-103
113.INTNODE2433 3.957622e-02  3.020612e-22  9.604238e-01
292.INTNODE2433 1.000000e+00  0.000000e+00 1.232118e-113
78.INTNODE2434  1.000000e+00  0.000000e+00 1.962504e-110
85.INTNODE2434  1.000000e+00  0.000000e+00 1.993680e-108
169.INTNODE2434 3.662006e-05  9.999634e-01  9.037304e-19
176.INTNODE2434 1.000000e+00  0.000000e+00  1.163282e-69
201.INTNODE2434 1.000000e+00  0.000000e+00 2.826716e-102
238.INTNODE2434 9.981763e-01  5.643070e-10  1.823653e-03
488.INTNODE2434 1.000000e+00  0.000000e+00 5.158830e-103
60.INTNODE2435  9.985125e-01  1.487468e-03  4.097832e-16
171.INTNODE2435 8.022579e-01  2.671714e-16  1.977421e-01
202.INTNODE2435 9.956891e-01  2.769670e-07  4.310670e-03
206.INTNODE2435 9.999661e-01  3.388293e-05  1.548055e-14
232.INTNODE2435 3.970457e-01  6.029543e-01  7.804952e-11
261.INTNODE2435 1.000000e+00  0.000000e+00 3.867690e-111
[1] 0.83033004 0.05647025 0.11319970
[1] "weights"
[1] 0.83033004 0.05647025 0.11319970
[1] "weights"
[1] 0.83033004 0.05647025 0.11319970
[1] "weights"
[1] 0.83033004 0.05647025 0.11319970
[1] "model lnL"
[1] -2833.59
[1] "------------Step 2"
[1] "Running in group mode"
[1] "expon_lambda root  0.00251718960620162"
[1] "staring with p = " "0.2"              
[1] "precision_p  1.08002495835535e-12"
          p_root lambda_weib_root 
     0.713526185      0.002111025 
[1] "Running in group mode"
[1] "expon_lambda root  0.00170391905163975"
[1] "staring with p = " "0.2"              
[1] "staring with p = " "1.2"              
[1] "staring with p = " "2.2"              
[1] "staring with p = " "3.2"              
[1] "precision_p  9.78772618509538e-12"
          p_root lambda_weib_root 
      6.00388756       0.00500835 
[1] "Running in group mode"
[1] "expon_lambda root  0.0337287252982195"
[1] "staring with p = " "0.2"              
[1] "precision_p  1.24700250125898e-12"
          p_root lambda_weib_root 
      1.03894696       0.03415103 
                       [,1]          [,2]         [,3]
156.INTNODE1247 0.426990749  6.299635e-11 5.730093e-01
240.INTNODE1247 0.466938311  1.893601e-08 5.330617e-01
277.INTNODE1249 0.033890262  1.335231e-17 9.661097e-01
467.INTNODE1354 0.129519129  7.036570e-22 8.704809e-01
7.INTNODE1628   0.060200797  3.517119e-33 9.397992e-01
202.INTNODE1911 0.339073054  2.918870e-26 6.609269e-01
203.INTNODE2046 0.280747639  4.490287e-19 7.192524e-01
202.INTNODE2079 0.873725689  2.130779e-15 1.262743e-01
202.INTNODE2080 0.795509036  3.488462e-27 2.044910e-01
206.INTNODE2084 0.999999180  4.472657e-14 8.195405e-07
52.INTNODE2226  1.000000000  6.794896e-16 4.952638e-12
162.INTNODE2226 1.000000000  8.516995e-24 2.854717e-11
157.INTNODE2228 1.000000000  2.680587e-18 3.815788e-12
290.INTNODE2230 1.000000000  1.645427e-12 3.184113e-13
205.INTNODE2233 0.999999997  3.245221e-26 3.283210e-09
467.INTNODE2283 0.866698251  2.172332e-10 1.333017e-01
99.INTNODE2298  1.000000000  5.372502e-12 2.534450e-15
111.INTNODE2298 0.999999994  5.895165e-09 2.157538e-17
489.INTNODE2301 0.999999997  3.388831e-09 5.963292e-27
3.INTNODE2304   1.000000000  5.508653e-40 2.129352e-14
182.INTNODE2305 1.000000000  3.365036e-11 2.195950e-28
169.INTNODE2394 0.999999863  1.245026e-35 1.372022e-07
199.INTNODE2394 0.999943443  5.655732e-05 3.515955e-14
361.INTNODE2395 0.987118279  1.288172e-02 1.107472e-33
86.INTNODE2399  0.967774399  3.222560e-02 1.191013e-32
289.INTNODE2399 1.000000000  1.517978e-20 6.679063e-24
326.INTNODE2400 1.000000000  1.239160e-14 2.602824e-25
88.INTNODE2401  0.986179213  1.382079e-02 7.246589e-33
97.INTNODE2401  0.999681820  3.181802e-04 1.075559e-32
287.INTNODE2401 0.999946533  5.346663e-05 1.442300e-35
289.INTNODE2401 0.268029985  1.873943e-13 7.319700e-01
16.INTNODE2402  0.332294406  6.677056e-01 2.830177e-40
74.INTNODE2402  0.998944123  1.055877e-03 6.592023e-37
91.INTNODE2404  0.998303410  1.696590e-03 5.687011e-37
155.INTNODE2404 0.949959268  5.004073e-02 2.441869e-39
223.INTNODE2404 0.278550774  7.214492e-01 5.169499e-41
173.INTNODE2405 0.999999998  1.796496e-09 1.348600e-40
12.INTNODE2406  0.600563211  3.994368e-01 6.534981e-39
13.INTNODE2406  0.367489741  6.325103e-01 4.645347e-41
71.INTNODE2406  0.667647884  3.323521e-01 2.533583e-40
142.INTNODE2406 1.000000000  1.526295e-12 8.070092e-20
202.INTNODE2406 1.000000000  1.048824e-20 6.995256e-15
205.INTNODE2406 0.999974636  2.536387e-05 5.400099e-13
206.INTNODE2406 0.999584754  4.152457e-04 1.741363e-22
209.INTNODE2406 0.980117353  1.988265e-02 2.912958e-37
210.INTNODE2406 0.978306918  2.169308e-02 1.070615e-36
418.INTNODE2406 0.999999969  3.131649e-08 7.229795e-37
293.INTNODE2415 0.999615513  3.844868e-04 7.199584e-38
138.INTNODE2416 1.000000000  1.189837e-10 3.553505e-40
240.INTNODE2421 1.000000000  2.086878e-14 1.131209e-44
238.INTNODE2422 0.999999967  1.258177e-54 3.341989e-08
269.INTNODE2423 0.999987783  1.221693e-05 2.693041e-34
311.INTNODE2423 0.999961859  3.814080e-05 3.585774e-44
73.INTNODE2425  1.000000000  5.056841e-17 3.229052e-45
151.INTNODE2425 1.000000000  7.013806e-26 3.865931e-42
207.INTNODE2425 0.922508428  7.749156e-02 1.384196e-08
145.INTNODE2426 1.000000000  2.188930e-13 2.924157e-41
178.INTNODE2426 0.999998202  1.797586e-06 9.846333e-39
88.INTNODE2428  0.999999144  1.359942e-08 8.419914e-07
111.INTNODE2428 0.921942508  7.805749e-02 4.286531e-18
155.INTNODE2428 0.998484102  5.085205e-04 1.007377e-03
470.INTNODE2428 1.000000000  4.974737e-11 1.526737e-44
4.INTNODE2429   1.000000000  3.052061e-29 7.431434e-50
13.INTNODE2429  0.999822593  2.978765e-07 1.771096e-04
90.INTNODE2429  1.000000000  2.512944e-29 1.466088e-44
113.INTNODE2429 1.000000000  4.519525e-19 6.524698e-41
145.INTNODE2429 0.882076684  5.248703e-07 1.179228e-01
171.INTNODE2429 1.000000000  1.284692e-36 1.430949e-45
179.INTNODE2429 1.000000000  2.231880e-28 1.747007e-40
184.INTNODE2429 1.000000000  1.103877e-33 4.843719e-46
186.INTNODE2429 1.000000000  6.398973e-21 7.767851e-43
202.INTNODE2429 0.996867202  2.754732e-07 3.132522e-03
205.INTNODE2429 0.993536834  4.509249e-07 6.462715e-03
289.INTNODE2429 0.815301633  1.846983e-01 1.040882e-07
415.INTNODE2429 1.000000000  2.435532e-27 1.046691e-47
113.INTNODE2433 0.365568507  7.260701e-12 6.344315e-01
292.INTNODE2433 1.000000000  1.054978e-58 5.416163e-52
78.INTNODE2434  1.000000000  2.105668e-65 4.487817e-50
85.INTNODE2434  1.000000000  6.344927e-60 7.037393e-49
169.INTNODE2434 0.003519243  9.964807e-01 2.417810e-08
176.INTNODE2434 1.000000000  6.597265e-44 8.742689e-25
201.INTNODE2434 1.000000000  2.064661e-59 4.748383e-45
238.INTNODE2434 0.978535033  6.849354e-06 2.145812e-02
488.INTNODE2434 1.000000000  2.968945e-63 1.321242e-45
60.INTNODE2435  0.993572755  6.427236e-03 9.938198e-09
171.INTNODE2435 0.877393202  3.828846e-09 1.226068e-01
202.INTNODE2435 0.984245672  1.097671e-04 1.564456e-02
206.INTNODE2435 0.998975426  1.024444e-03 1.302180e-07
232.INTNODE2435 0.803437455  1.965590e-01 3.499789e-06
261.INTNODE2435 1.000000000 7.511273e-126 9.978910e-49
[1] 0.86854502 0.04943802 0.08201696
[1] "weights"
[1] 0.86854502 0.04943802 0.08201696
[1] "weights"
[1] 0.86854502 0.04943802 0.08201696
[1] "weights"
[1] 0.86854502 0.04943802 0.08201696
[1] "model lnL"
[1] -2832.51
[1] "------------Step 3"
[1] "Running in group mode"
[1] "expon_lambda root  0.00253006861365962"
[1] "staring with p = " "0.2"              
[1] "precision_p  2.62048160948325e-11"
          p_root lambda_weib_root 
     0.706158257      0.002112175 
[1] "Running in group mode"
[1] "expon_lambda root  0.00170616498160925"
[1] "staring with p = " "0.2"              
[1] "staring with p = " "1.2"              
[1] "staring with p = " "2.2"              
[1] "staring with p = " "3.2"              
[1] "precision_p  3.42298545064068e-08"
          p_root lambda_weib_root 
     6.090493650      0.005022023 
[1] "Running in group mode"
[1] "expon_lambda root  0.0360467429588577"
[1] "staring with p = " "0.2"              
[1] "precision_p  7.38452854420757e-10"
          p_root lambda_weib_root 
      1.06452996       0.03672253 
                      [,1]          [,2]         [,3]
156.INTNODE1247 0.54104663  2.967286e-11 4.589534e-01
240.INTNODE1247 0.58926831  1.102787e-08 4.107317e-01
277.INTNODE1249 0.04926133  4.305892e-18 9.507387e-01
467.INTNODE1354 0.21381629  1.641642e-22 7.861837e-01
7.INTNODE1628   0.09575077  3.040611e-34 9.042492e-01
202.INTNODE1911 0.46585495  3.867707e-27 5.341450e-01
203.INTNODE2046 0.35976521  1.058526e-19 6.402348e-01
202.INTNODE2079 0.92906893  5.650154e-16 7.093107e-02
202.INTNODE2080 0.88458630  3.350900e-28 1.154137e-01
206.INTNODE2084 0.99999983  1.313309e-14 1.663387e-07
52.INTNODE2226  1.00000000  1.701141e-16 3.603404e-13
162.INTNODE2226 1.00000000  1.034223e-24 2.121948e-12
157.INTNODE2228 1.00000000  4.976597e-19 3.046636e-13
290.INTNODE2230 1.00000000  5.115983e-13 2.723627e-14
205.INTNODE2233 1.00000000  2.689759e-27 3.266464e-10
467.INTNODE2283 0.92498158  8.879291e-11 7.501842e-02
99.INTNODE2298  1.00000000  1.652915e-12 1.794074e-16
111.INTNODE2298 1.00000000  2.428438e-09 1.320348e-18
489.INTNODE2301 1.00000000  1.306780e-09 1.186409e-28
3.INTNODE2304   1.00000000  1.094970e-41 7.044854e-16
182.INTNODE2305 1.00000000  1.089405e-11 3.899404e-30
169.INTNODE2394 1.00000000  3.030664e-37 4.638885e-09
199.INTNODE2394 0.99996572  3.428484e-05 3.547511e-15
361.INTNODE2395 0.99072192  9.278084e-03 1.527220e-35
86.INTNODE2399  0.97580933  2.419067e-02 2.095530e-34
289.INTNODE2399 1.00000000  1.875763e-21 1.627266e-25
326.INTNODE2400 1.00000000  2.663970e-15 6.599915e-27
88.INTNODE2401  0.99044151  9.558494e-03 1.250706e-34
97.INTNODE2401  0.99981035  1.896533e-04 1.902370e-34
287.INTNODE2401 0.99996872  3.127892e-05 2.342129e-37
289.INTNODE2401 0.35638786  7.558285e-14 6.436121e-01
16.INTNODE2402  0.34681078  6.531892e-01 4.261801e-42
74.INTNODE2402  0.99929437  7.056311e-04 1.071490e-38
91.INTNODE2404  0.99884057  1.159434e-03 9.541415e-39
155.INTNODE2404 0.95862157  4.137843e-02 3.944930e-41
223.INTNODE2404 0.28353622  7.164638e-01 8.217261e-43
173.INTNODE2405 1.00000000  7.753150e-10 2.061048e-42
12.INTNODE2406  0.62547940  3.745206e-01 1.081579e-40
13.INTNODE2406  0.37219163  6.278084e-01 7.420706e-43
71.INTNODE2406  0.68732608  3.126739e-01 3.970842e-42
142.INTNODE2406 1.00000000  3.286154e-13 1.879901e-21
202.INTNODE2406 1.00000000  1.405136e-21 6.843094e-16
205.INTNODE2406 0.99998736  1.263528e-05 4.915615e-14
206.INTNODE2406 0.99975682  2.431777e-04 7.735192e-24
209.INTNODE2406 0.98406001  1.593999e-02 5.662463e-39
210.INTNODE2406 0.98288642  1.711358e-02 2.034313e-38
418.INTNODE2406 0.99999999  1.404850e-08 1.189945e-38
293.INTNODE2415 0.99976249  2.375066e-04 1.622183e-39
138.INTNODE2416 1.00000000  3.701410e-11 6.571434e-42
240.INTNODE2421 1.00000000  4.876572e-15 1.814996e-46
238.INTNODE2422 1.00000000  3.786724e-57 1.253880e-09
269.INTNODE2423 0.99999426  5.735599e-06 9.587166e-36
311.INTNODE2423 0.99998064  1.935738e-05 5.921263e-46
73.INTNODE2425  1.00000000  7.727510e-18 5.479406e-47
151.INTNODE2425 1.00000000  4.547149e-27 6.904577e-44
207.INTNODE2425 0.93632391  6.367608e-02 3.621174e-09
145.INTNODE2426 1.00000000  3.283005e-14 6.262475e-43
178.INTNODE2426 0.99999954  4.626812e-07 2.020908e-40
88.INTNODE2428  0.99999974  5.879650e-09 2.559342e-07
111.INTNODE2428 0.94418326  5.581674e-02 4.208841e-19
155.INTNODE2428 0.99923902  3.352345e-04 4.257438e-04
470.INTNODE2428 1.00000000  7.700302e-12 3.048725e-46
4.INTNODE2429   1.00000000  9.649556e-32 1.292750e-51
13.INTNODE2429  0.99993618  1.435152e-07 6.367959e-05
90.INTNODE2429  1.00000000  9.110835e-32 3.398860e-46
113.INTNODE2429 1.00000000  3.080549e-21 1.308230e-42
145.INTNODE2429 0.93267534  2.835983e-07 6.732438e-02
171.INTNODE2429 1.00000000  1.914209e-39 2.695712e-47
179.INTNODE2429 1.00000000  7.421314e-31 4.648992e-42
184.INTNODE2429 1.00000000  2.184570e-36 9.338395e-48
186.INTNODE2429 1.00000000  3.901577e-23 1.550393e-44
202.INTNODE2429 0.99884155  1.293067e-07 1.158323e-03
205.INTNODE2429 0.99723095  2.221787e-07 2.768832e-03
289.INTNODE2429 0.84122114  1.587788e-01 3.090552e-08
415.INTNODE2429 1.00000000  8.665769e-30 1.823418e-49
113.INTNODE2433 0.47439791  3.247751e-12 5.256021e-01
292.INTNODE2433 1.00000000  1.215142e-65 1.062113e-53
78.INTNODE2434  1.00000000  2.526036e-73 9.865550e-52
85.INTNODE2434  1.00000000  1.653815e-67 1.530745e-50
169.INTNODE2434 0.00417026  9.958297e-01 6.714863e-09
176.INTNODE2434 1.00000000  3.126808e-51 3.073024e-26
201.INTNODE2434 1.00000000  3.729545e-67 1.123832e-46
238.INTNODE2434 0.99012682  3.791801e-06 9.869390e-03
488.INTNODE2434 1.00000000  3.427244e-71 3.362558e-47
60.INTNODE2435  0.99524219  4.757806e-03 2.804485e-09
171.INTNODE2435 0.92887286  1.716691e-09 7.112714e-02
202.INTNODE2435 0.99236873  6.903313e-05 7.562241e-03
206.INTNODE2435 0.99930938  6.905794e-04 3.826129e-08
232.INTNODE2435 0.82892439  1.710744e-01 1.237632e-06
261.INTNODE2435 1.00000000 6.794834e-145 2.400883e-50
[1] 0.88297886 0.04728653 0.06973462
[1] "weights"
[1] 0.88297886 0.04728653 0.06973462
[1] "weights"
[1] 0.88297886 0.04728653 0.06973462
[1] "weights"
[1] 0.88297886 0.04728653 0.06973462
[1] "model lnL"
[1] -2832.246
[1] "------------Step 4"
[1] "Running in group mode"
[1] "expon_lambda root  0.00253680622357685"
[1] "staring with p = " "0.2"              
[1] "precision_p  2.0122570276726e-11"
          p_root lambda_weib_root 
     0.702606886      0.002113338 
[1] "Running in group mode"
[1] "expon_lambda root  0.00170771675567979"
[1] "staring with p = " "0.2"              
[1] "staring with p = " "1.2"              
[1] "staring with p = " "2.2"              
[1] "staring with p = " "3.2"              
[1] "precision_p  1.79460472971016e-06"
          p_root lambda_weib_root 
     6.124819888      0.005026657 
[1] "Running in group mode"
[1] "expon_lambda root  0.037734527492862"
[1] "staring with p = " "0.2"              
[1] "precision_p  8.86486439810596e-08"
          p_root lambda_weib_root 
      1.09037404       0.03869406 
                       [,1]          [,2]         [,3]
156.INTNODE1247 0.604407124  2.096916e-11 3.955929e-01
240.INTNODE1247 0.652937893  8.572831e-09 3.470621e-01
277.INTNODE1249 0.051953995  2.236838e-18 9.480460e-01
467.INTNODE1354 0.282465822  8.554357e-23 7.175342e-01
7.INTNODE1628   0.112219182  8.883303e-35 8.877808e-01
202.INTNODE1911 0.525196252  1.435317e-27 4.748037e-01
203.INTNODE2046 0.396963531  5.274634e-20 6.030365e-01
202.INTNODE2079 0.948676664  3.002492e-16 5.132334e-02
202.INTNODE2080 0.920150367  1.086073e-28 7.984963e-02
206.INTNODE2084 0.999999956  7.292188e-15 4.411202e-08
52.INTNODE2226  1.000000000  8.610943e-17 2.684308e-14
162.INTNODE2226 1.000000000  3.688005e-25 1.628425e-13
157.INTNODE2228 1.000000000  2.186405e-19 1.144906e-14
290.INTNODE2230 1.000000000  2.893937e-13 7.303158e-16
205.INTNODE2233 1.000000000  7.987431e-28 1.089678e-11
467.INTNODE2283 0.949322718  5.832977e-11 5.067728e-02
99.INTNODE2298  1.000000000  9.274666e-13 1.413924e-18
111.INTNODE2298 0.999999998  1.569941e-09 6.900979e-21
489.INTNODE2301 0.999999999  8.073075e-10 2.073351e-32
3.INTNODE2304   1.000000000  1.589689e-42 5.993925e-19
182.INTNODE2305 1.000000000  6.180631e-12 4.102532e-34
169.INTNODE2394 1.000000000  4.759542e-38 5.151893e-12
199.INTNODE2394 0.999973106  2.689385e-05 5.914818e-17
361.INTNODE2395 0.992234944  7.765056e-03 3.463949e-40
86.INTNODE2399  0.979279034  2.072097e-02 5.252086e-39
289.INTNODE2399 1.000000000  6.645255e-22 1.182920e-29
326.INTNODE2400 1.000000000  1.237403e-15 3.050364e-31
88.INTNODE2401  0.992151261  7.848739e-03 1.152909e-39
97.INTNODE2401  0.999854918  1.450819e-04 1.859674e-39
287.INTNODE2401 0.999976169  2.383116e-05 1.495844e-42
289.INTNODE2401 0.389739900  4.743810e-14 6.102601e-01
16.INTNODE2402  0.354513682  6.454863e-01 3.468532e-48
74.INTNODE2402  0.999422817  5.771826e-04 1.321322e-44
91.INTNODE2404  0.999035227  9.647730e-04 6.735345e-45
155.INTNODE2404 0.962094392  3.790561e-02 2.161116e-47
223.INTNODE2404 0.284526772  7.154732e-01 3.976124e-49
173.INTNODE2405 0.999999999  5.228933e-10 7.028932e-49
12.INTNODE2406  0.635384905  3.646151e-01 5.244347e-47
13.INTNODE2406  0.371389117  6.286109e-01 3.212806e-49
71.INTNODE2406  0.694287594  3.057124e-01 1.524446e-48
142.INTNODE2406 1.000000000  1.519571e-13 7.212311e-27
202.INTNODE2406 1.000000000  5.292405e-22 1.093524e-18
205.INTNODE2406 0.999991102  8.898271e-06 7.578011e-17
206.INTNODE2406 0.999813952  1.860477e-04 4.719759e-28
209.INTNODE2406 0.985546708  1.445329e-02 6.484714e-45
210.INTNODE2406 0.984634413  1.536559e-02 2.072303e-44
418.INTNODE2406 0.999999990  9.588517e-09 6.250950e-45
293.INTNODE2415 0.999796225  2.037750e-04 3.925806e-46
138.INTNODE2416 1.000000000  2.321148e-11 4.683878e-49
240.INTNODE2421 1.000000000  2.703686e-15 6.594837e-54
238.INTNODE2422 1.000000000  2.401596e-58 2.665310e-15
269.INTNODE2423 0.999995592  4.408239e-06 1.630824e-41
311.INTNODE2423 0.999984299  1.570056e-05 2.264034e-53
73.INTNODE2425  1.000000000  3.607097e-18 1.354661e-54
151.INTNODE2425 1.000000000  1.394539e-27 2.290978e-51
207.INTNODE2425 0.941522388  5.847761e-02 1.962356e-10
145.INTNODE2426 1.000000000  1.560549e-14 2.929437e-50
178.INTNODE2426 0.999999716  2.836847e-07 8.744943e-48
88.INTNODE2428  0.999999978  3.972886e-09 1.795968e-08
111.INTNODE2428 0.950574463  4.942554e-02 9.316177e-23
155.INTNODE2428 0.999601141  2.781778e-04 1.206808e-04
470.INTNODE2428 1.000000000  3.829535e-12 6.737820e-54
4.INTNODE2429   1.000000000  8.542975e-33 3.804698e-60
13.INTNODE2429  0.999989002  1.019922e-07 1.089598e-05
90.INTNODE2429  1.000000000  8.426681e-33 3.913598e-54
113.INTNODE2429 1.000000000  3.860026e-22 1.134364e-50
145.INTNODE2429 0.960101458  2.148275e-07 3.989833e-02
171.INTNODE2429 1.000000000  1.168144e-40 1.177198e-55
179.INTNODE2429 1.000000000  6.532609e-32 1.390695e-49
184.INTNODE2429 1.000000000  1.529690e-37 4.604724e-56
186.INTNODE2429 1.000000000  4.645318e-24 1.270292e-52
202.INTNODE2429 0.999769093  9.051519e-08 2.308170e-04
205.INTNODE2429 0.999215326  1.598995e-07 7.845143e-04
289.INTNODE2429 0.851172929  1.488271e-01 2.224251e-09
415.INTNODE2429 1.000000000  8.070726e-31 6.440447e-58
113.INTNODE2433 0.525520160  2.194839e-12 4.744798e-01
292.INTNODE2433 1.000000000  9.241385e-69 7.654504e-63
78.INTNODE2434  1.000000000  6.490373e-77 1.009471e-60
85.INTNODE2434  1.000000000  6.121943e-71 1.774173e-59
169.INTNODE2434 0.004402445  9.955976e-01 1.086081e-10
176.INTNODE2434 1.000000000  1.476933e-54 5.928468e-34
201.INTNODE2434 1.000000000  1.150184e-70 2.057083e-55
238.INTNODE2434 0.996757333  2.890699e-06 3.239776e-03
488.INTNODE2434 1.000000000  8.614834e-75 6.664498e-56
60.INTNODE2435  0.995804683  4.195317e-03 1.183590e-10
171.INTNODE2435 0.957071970  1.189417e-09 4.292803e-02
202.INTNODE2435 0.996713128  5.608549e-05 3.230787e-03
206.INTNODE2435 0.999418128  5.818706e-04 1.719816e-09
232.INTNODE2435 0.838281777  1.617181e-01 1.440743e-07
261.INTNODE2435 1.000000000 6.411722e-154 9.725735e-60
[1] 0.88982039 0.04650305 0.06367656
[1] "weights"
[1] 0.88982039 0.04650305 0.06367656
[1] "weights"
[1] 0.88982039 0.04650305 0.06367656
[1] "weights"
[1] 0.88982039 0.04650305 0.06367656
[1] "model lnL"
[1] -2832.154
[1] "------------Step 5"
[1] "Running in group mode"
[1] "expon_lambda root  0.00254100798537124"
[1] "staring with p = " "0.2"              
[1] "precision_p  4.05293576477561e-11"
          p_root lambda_weib_root 
      0.70054736       0.00211439 
[1] "Running in group mode"
[1] "expon_lambda root  0.00170742908415978"
[1] "staring with p = " "0.2"              
[1] "staring with p = " "1.2"              
[1] "staring with p = " "2.2"              
[1] "staring with p = " "3.2"              
[1] "precision_p  5.40191722642192e-06"
          p_root lambda_weib_root 
     6.137868668      0.005028174 
[1] "Running in group mode"
[1] "expon_lambda root  0.0388591900611912"
[1] "staring with p = " "0.2"              
[1] "precision_p  3.19659301695197e-07"
          p_root lambda_weib_root 
      1.10815379       0.04002945 
                       [,1]          [,2]         [,3]
156.INTNODE1247 0.645170553  1.858706e-11 3.548294e-01
240.INTNODE1247 0.692505399  7.872865e-09 3.074946e-01
277.INTNODE1249 0.051482927  1.662333e-18 9.485171e-01
467.INTNODE1354 0.337979367  7.016990e-23 6.620206e-01
7.INTNODE1628   0.120208858  5.424539e-35 8.797911e-01
202.INTNODE1911 0.556836934  9.715440e-28 4.431631e-01
203.INTNODE2046 0.417071064  4.016459e-20 5.829289e-01
202.INTNODE2079 0.957913824  2.330903e-16 4.208618e-02
202.INTNODE2080 0.937189233  6.911130e-29 6.281077e-02
206.INTNODE2084 0.999999983  5.783283e-15 1.692107e-08
52.INTNODE2226  1.000000000  6.597168e-17 3.692335e-15
162.INTNODE2226 1.000000000  2.450982e-25 2.289885e-14
157.INTNODE2228 1.000000000  1.575208e-19 7.637937e-16
290.INTNODE2230 1.000000000  2.307918e-13 3.401703e-17
205.INTNODE2233 1.000000000  4.890238e-28 5.843868e-13
467.INTNODE2283 0.961470723  4.933460e-11 3.852928e-02
99.INTNODE2298  1.000000000  7.357795e-13 1.922420e-20
111.INTNODE2298 0.999999999  1.320186e-09 6.472178e-23
489.INTNODE2301 0.999999999  6.668509e-10 7.760016e-36
3.INTNODE2304   1.000000000  7.250147e-43 8.871460e-22
182.INTNODE2305 1.000000000  4.934150e-12 9.343428e-38
169.INTNODE2394 1.000000000  2.224616e-38 8.776897e-15
199.INTNODE2394 0.999975546  2.445435e-05 1.599174e-18
361.INTNODE2395 0.992741309  7.258691e-03 1.742040e-44
86.INTNODE2399  0.980468372  1.953163e-02 2.699083e-43
289.INTNODE2399 1.000000000  4.357382e-22 1.530288e-33
326.INTNODE2400 1.000000000  9.054022e-16 2.421788e-35
88.INTNODE2401  0.992745865  7.254135e-03 1.994647e-44
97.INTNODE2401  0.999869676  1.303243e-04 3.404432e-44
287.INTNODE2401 0.999978585  2.141453e-05 1.867848e-47
289.INTNODE2401 0.404755080  3.933575e-14 5.952449e-01
16.INTNODE2402  0.356971944  6.430281e-01 4.874208e-54
74.INTNODE2402  0.999467270  5.327298e-04 2.727451e-50
91.INTNODE2404  0.999103762  8.962380e-04 7.414530e-51
155.INTNODE2404 0.963330119  3.666988e-02 1.907013e-53
223.INTNODE2404 0.284246530  7.157535e-01 3.143114e-55
173.INTNODE2405 1.000000000  4.475515e-10 3.853897e-55
12.INTNODE2406  0.638784906  3.612151e-01 3.919109e-53
13.INTNODE2406  0.370053121  6.299469e-01 2.236023e-55
71.INTNODE2406  0.696340484  3.036595e-01 9.230396e-55
142.INTNODE2406 1.000000000  1.098922e-13 3.257483e-32
202.INTNODE2406 1.000000000  3.556710e-22 2.352297e-21
205.INTNODE2406 0.999992318  7.682164e-06 1.501462e-19
206.INTNODE2406 0.999833579  1.664212e-04 3.959669e-32
209.INTNODE2406 0.986066223  1.393378e-02 1.164029e-50
210.INTNODE2406 0.985258540  1.474146e-02 3.248209e-50
418.INTNODE2406 0.999999992  8.224451e-09 4.969803e-51
293.INTNODE2415 0.999806397  1.936034e-04 1.187350e-52
138.INTNODE2416 1.000000000  1.947400e-11 4.108454e-56
240.INTNODE2421 1.000000000  2.168323e-15 3.146099e-61
238.INTNODE2422 1.000000000  7.797937e-59 4.328722e-21
269.INTNODE2423 0.999995975  4.024607e-06 3.455431e-47
311.INTNODE2423 0.999985308  1.469239e-05 1.105710e-60
73.INTNODE2425  1.000000000  2.711828e-18 4.189679e-62
151.INTNODE2425 1.000000000  8.826028e-28 9.154783e-59
207.INTNODE2425 0.943495182  5.650482e-02 1.320608e-11
145.INTNODE2426 1.000000000  1.185670e-14 1.554756e-57
178.INTNODE2426 0.999999762  2.382454e-07 4.036675e-55
88.INTNODE2428  0.999999995  3.388134e-09 1.503081e-09
111.INTNODE2428 0.952839605  4.716040e-02 2.302164e-26
155.INTNODE2428 0.999702217  2.578403e-04 3.994306e-05
470.INTNODE2428 1.000000000  2.981694e-12 1.690307e-61
4.INTNODE2429   1.000000000  3.418419e-33 1.170903e-68
13.INTNODE2429  0.999997701  8.874465e-08 2.209814e-06
90.INTNODE2429  1.000000000  3.412955e-33 4.496253e-62
113.INTNODE2429 1.000000000  1.763550e-22 9.008093e-59
145.INTNODE2429 0.973855524  1.923873e-07 2.614428e-02
171.INTNODE2429 1.000000000  4.007388e-41 5.050491e-64
179.INTNODE2429 1.000000000  2.588864e-32 4.041478e-57
184.INTNODE2429 1.000000000  5.550824e-38 2.258874e-64
186.INTNODE2429 1.000000000  2.082239e-24 9.925536e-61
202.INTNODE2429 0.999946441  7.818902e-08 5.348119e-05
205.INTNODE2429 0.999744910  1.397733e-07 2.549506e-04
289.INTNODE2429 0.855071707  1.449283e-01 1.943875e-10
415.INTNODE2429 1.000000000  3.289632e-31 2.309230e-66
113.INTNODE2433 0.554990586  1.896946e-12 4.450094e-01
292.INTNODE2433 1.000000000  5.697179e-70 4.807816e-72
78.INTNODE2434  1.000000000  2.595620e-78 8.633410e-70
85.INTNODE2434  1.000000000  2.828899e-72 1.695551e-68
169.INTNODE2434 0.004504921  9.954951e-01 1.778317e-12
176.INTNODE2434 1.000000000  7.404213e-56 6.400118e-42
201.INTNODE2434 1.000000000  4.929470e-72 2.918006e-64
238.INTNODE2434 0.998802420  2.585061e-06 1.194995e-03
488.INTNODE2434 1.000000000  3.408217e-76 1.024877e-64
60.INTNODE2435  0.996010067  3.989933e-03 5.936436e-12
171.INTNODE2435 0.971370293  1.027788e-09 2.862971e-02
202.INTNODE2435 0.998373942  5.153808e-05 1.574519e-03
206.INTNODE2435 0.999457118  5.428818e-04 8.925470e-11
232.INTNODE2435 0.841973019  1.580270e-01 1.965610e-08
261.INTNODE2435 1.000000000 1.693267e-157 2.687128e-69
[1] 0.89353039 0.04624384 0.06022577
[1] "weights"
[1] 0.89353039 0.04624384 0.06022577
[1] "weights"
[1] 0.89353039 0.04624384 0.06022577
[1] "weights"
[1] 0.89353039 0.04624384 0.06022577
[1] "model lnL"
[1] -2832.119
[1] "------------Step 6"
[1] "Running in group mode"
[1] "expon_lambda root  0.0025438384419296"
[1] "staring with p = " "0.2"              
[1] "precision_p  1.62572177941911e-11"
          p_root lambda_weib_root 
     0.699225750      0.002115244 
[1] "Running in group mode"
[1] "expon_lambda root  0.0017064912845364"
[1] "staring with p = " "0.2"              
[1] "staring with p = " "1.2"              
[1] "staring with p = " "2.2"              
[1] "staring with p = " "3.2"              
[1] "precision_p  1.57029944602982e-12"
          p_root lambda_weib_root 
     6.142759469      0.005028596 
[1] "Running in group mode"
[1] "expon_lambda root  0.0396159627780404"
[1] "staring with p = " "0.2"              
[1] "precision_p  5.66977167437699e-07"
          p_root lambda_weib_root 
      1.12015578       0.04093755 
                       [,1]          [,2]         [,3]
156.INTNODE1247 0.672028110  1.797518e-11 3.279719e-01
240.INTNODE1247 0.718308182  7.710404e-09 2.816918e-01
277.INTNODE1249 0.050856896  1.463327e-18 9.491431e-01
467.INTNODE1354 0.379700392  6.780533e-23 6.202996e-01
7.INTNODE1628   0.124887938  4.505653e-35 8.751121e-01
202.INTNODE1911 0.576041255  8.411249e-28 4.239587e-01
203.INTNODE2046 0.428927234  3.631561e-20 5.710728e-01
202.INTNODE2079 0.963056923  2.113453e-16 3.694308e-02
202.INTNODE2080 0.946389142  5.793722e-29 5.361086e-02
206.INTNODE2084 0.999999991  5.307721e-15 8.753755e-09
52.INTNODE2226  1.000000000  5.993045e-17 9.258758e-16
162.INTNODE2226 1.000000000  2.103000e-25 5.832128e-15
157.INTNODE2228 1.000000000  1.390978e-19 1.117083e-16
290.INTNODE2230 1.000000000  2.120235e-13 3.801276e-18
205.INTNODE2233 1.000000000  4.034709e-28 7.085944e-14
467.INTNODE2283 0.968106162  4.626778e-11 3.189384e-02
99.INTNODE2298  1.000000000  6.735989e-13 8.510300e-22
111.INTNODE2298 0.999999999  1.237696e-09 2.193193e-24
489.INTNODE2301 0.999999999  6.214628e-10 2.423236e-38
3.INTNODE2304   1.000000000  5.311216e-43 7.229345e-24
182.INTNODE2305 1.000000000  4.537257e-12 2.012644e-40
169.INTNODE2394 1.000000000  1.641452e-38 7.468130e-17
199.INTNODE2394 0.999976359  2.364147e-05 1.172137e-19
361.INTNODE2395 0.992892732  7.107268e-03 1.217301e-47
86.INTNODE2399  0.980832261  1.916774e-02 1.880522e-46
289.INTNODE2399 1.000000000  3.690143e-22 2.025768e-36
326.INTNODE2400 1.000000000  8.008081e-16 2.200002e-38
88.INTNODE2401  0.992947442  7.052558e-03 5.936825e-48
97.INTNODE2401  0.999874730  1.252702e-04 1.057715e-47
287.INTNODE2401 0.999979399  2.060084e-05 4.437575e-51
289.INTNODE2401 0.413461312  3.672644e-14 5.865387e-01
16.INTNODE2402  0.357233985  6.427660e-01 2.141500e-58
74.INTNODE2402  0.999482806  5.171940e-04 1.579127e-54
91.INTNODE2404  0.999128150  8.718505e-04 2.606181e-55
155.INTNODE2404 0.963726072  3.627393e-02 5.764144e-58
223.INTNODE2404 0.283566747  7.164333e-01 8.798933e-60
173.INTNODE2405 1.000000000  4.217740e-10 8.147780e-60
12.INTNODE2406  0.639542049  3.604580e-01 1.024012e-57
13.INTNODE2406  0.368770294  6.312297e-01 5.642525e-60
71.INTNODE2406  0.696539633  3.034604e-01 2.079112e-59
142.INTNODE2406 1.000000000  9.630623e-14 2.904103e-36
202.INTNODE2406 1.000000000  3.036494e-22 2.419199e-23
205.INTNODE2406 0.999992756  7.243814e-06 1.407967e-21
206.INTNODE2406 0.999840722  1.592776e-04 3.490054e-35
209.INTNODE2406 0.986230870  1.376913e-02 5.950460e-55
210.INTNODE2406 0.985465636  1.453436e-02 1.485254e-54
418.INTNODE2406 0.999999992  7.750808e-09 1.349385e-55
293.INTNODE2415 0.999809366  1.906345e-04 1.457947e-57
138.INTNODE2416 1.000000000  1.826274e-11 1.972217e-61
240.INTNODE2421 1.000000000  2.001097e-15 9.820017e-67
238.INTNODE2422 1.000000000  4.965720e-59 1.512972e-25
269.INTNODE2423 0.999996091  3.908830e-06 1.855753e-51
311.INTNODE2423 0.999985575  1.442461e-05 3.465724e-66
73.INTNODE2425  1.000000000  2.444028e-18 9.293882e-68
151.INTNODE2425 1.000000000  7.419797e-28 2.421879e-64
207.INTNODE2425 0.944200717  5.579928e-02 1.796352e-12
145.INTNODE2426 1.000000000  1.075309e-14 4.980668e-63
178.INTNODE2426 0.999999775  2.246944e-07 1.125463e-60
88.INTNODE2428  0.999999997  3.180895e-09 2.387713e-10
111.INTNODE2428 0.953635119  4.636488e-02 4.312404e-29
155.INTNODE2428 0.999731906  2.502741e-04 1.781963e-05
470.INTNODE2428 1.000000000  2.738904e-12 3.087277e-67
4.INTNODE2429   1.000000000  2.458042e-33 4.271080e-75
13.INTNODE2429  0.999999233  8.398620e-08 6.828267e-07
90.INTNODE2429  1.000000000  2.459007e-33 4.350897e-68
113.INTNODE2429 1.000000000  1.333411e-22 6.265620e-65
145.INTNODE2429 0.980736188  1.844016e-07 1.926363e-02
171.INTNODE2429 1.000000000  2.706281e-41 2.301316e-70
179.INTNODE2429 1.000000000  1.849202e-32 7.756702e-63
184.INTNODE2429 1.000000000  3.834451e-38 1.145433e-70
186.INTNODE2429 1.000000000  1.563234e-24 6.961701e-67
202.INTNODE2429 0.999981820  7.375628e-08 1.810653e-05
205.INTNODE2429 0.999888464  1.324837e-07 1.114032e-04
289.INTNODE2429 0.856500010  1.435000e-01 3.206050e-11
415.INTNODE2429 1.000000000  2.381458e-31 9.292561e-73
113.INTNODE2433 0.574026762  1.811125e-12 4.259732e-01
292.INTNODE2433 1.000000000  2.049954e-70 4.938989e-79
78.INTNODE2434  1.000000000  7.939127e-79 1.100318e-76
85.INTNODE2434  1.000000000  9.143140e-73 2.327677e-75
169.INTNODE2434 0.004542485  9.954575e-01 7.641489e-14
176.INTNODE2434 1.000000000  2.462521e-56 4.511896e-48
201.INTNODE2434 1.000000000  1.547921e-72 5.235104e-71
238.INTNODE2434 0.999426757  2.472075e-06 5.707713e-04
488.INTNODE2434 1.000000000  1.038054e-76 1.964364e-71
60.INTNODE2435  0.996085415  3.914585e-03 6.394157e-13
171.INTNODE2435 0.978602013  9.713127e-10 2.139799e-02
202.INTNODE2435 0.999015863  4.984973e-05 9.342875e-04
206.INTNODE2435 0.999471612  5.283875e-04 9.749385e-12
232.INTNODE2435 0.843334070  1.566659e-01 4.487615e-09
261.INTNODE2435 1.000000000 7.874086e-159 1.336312e-76
[1] 0.89574173 0.04618578 0.05807249
[1] "weights"
[1] 0.89574173 0.04618578 0.05807249
[1] "weights"
[1] 0.89574173 0.04618578 0.05807249
[1] "weights"
[1] 0.89574173 0.04618578 0.05807249
[1] "model lnL"
[1] -2832.103
[1] "------------Step 7"
[1] "Running in group mode"
[1] "expon_lambda root  0.00254581802905685"
[1] "staring with p = " "0.2"              
[1] "precision_p  2.89901436190121e-11"
          p_root lambda_weib_root 
     0.698332518      0.002115909 
[1] "Running in group mode"
[1] "expon_lambda root  0.00170543646387895"
[1] "staring with p = " "0.2"              
[1] "staring with p = " "1.2"              
[1] "staring with p = " "2.2"              
[1] "staring with p = " "3.2"              
[1] "precision_p  6.02362604240625e-12"
          p_root lambda_weib_root 
     6.144560936      0.005028637 
[1] "Running in group mode"
[1] "expon_lambda root  0.0401441783091472"
[1] "staring with p = " "0.2"              
[1] "precision_p  7.96314873596771e-07"
          p_root lambda_weib_root 
       1.1286695        0.0415782 
                      [,1]          [,2]         [,3]
156.INTNODE1247 0.69019239  1.791108e-11 3.098076e-01
240.INTNODE1247 0.73564178  7.715176e-09 2.643582e-01
277.INTNODE1249 0.05039498  1.382995e-18 9.496050e-01
467.INTNODE1354 0.41025934  6.888991e-23 5.897407e-01
7.INTNODE1628   0.12793771  4.213136e-35 8.720623e-01
202.INTNODE1911 0.58858042  7.996588e-28 4.114196e-01
203.INTNODE2046 0.43650518  3.505543e-20 5.634948e-01
202.INTNODE2079 0.96619796  2.035299e-16 3.380204e-02
202.INTNODE2080 0.95186043  5.406129e-29 4.813957e-02
206.INTNODE2084 0.99999999  5.150810e-15 5.546249e-09
52.INTNODE2226  1.00000000  5.806886e-17 3.535082e-16
162.INTNODE2226 1.00000000  1.989972e-25 2.251063e-15
157.INTNODE2228 1.00000000  1.328494e-19 2.900244e-17
290.INTNODE2230 1.00000000  2.056648e-13 8.135854e-19
205.INTNODE2233 1.00000000  3.739613e-28 1.592469e-14
467.INTNODE2283 0.97204578  4.516291e-11 2.795422e-02
99.INTNODE2298  1.00000000  6.518340e-13 9.333290e-23
111.INTNODE2298 1.00000000  1.209887e-09 1.992851e-25
489.INTNODE2301 1.00000000  6.065583e-10 3.988530e-40
3.INTNODE2304   1.00000000  4.684565e-43 2.304115e-25
182.INTNODE2305 1.00000000  4.404926e-12 2.535005e-42
169.INTNODE2394 1.00000000  1.449819e-38 2.388076e-18
199.INTNODE2394 0.99997661  2.339485e-05 1.841821e-20
361.INTNODE2395 0.99292112  7.078877e-03 6.827272e-50
86.INTNODE2399  0.98090559  1.909441e-02 1.044482e-48
289.INTNODE2399 1.00000000  3.454310e-22 1.748981e-38
326.INTNODE2400 1.00000000  7.629433e-16 1.441406e-40
88.INTNODE2401  0.99300865  6.991347e-03 1.759039e-50
97.INTNODE2401  0.99987640  1.236024e-04 3.233396e-50
287.INTNODE2401 0.99997966  2.034148e-05 1.127070e-53
289.INTNODE2401 0.41913255  3.588906e-14 5.808674e-01
16.INTNODE2402  0.35673909  6.432609e-01 1.574483e-61
74.INTNODE2402  0.99948796  5.120436e-04 1.409110e-57
91.INTNODE2404  0.99913648  8.635162e-04 1.602732e-58
155.INTNODE2404 0.96381365  3.618635e-02 3.200477e-61
223.INTNODE2404 0.28281706  7.171829e-01 4.633385e-63
173.INTNODE2405 1.00000000  4.125514e-10 3.493821e-63
12.INTNODE2406  0.63934259  3.606574e-01 5.069435e-61
13.INTNODE2406  0.36764137  6.323586e-01 2.746045e-63
71.INTNODE2406  0.69611109  3.038889e-01 9.285504e-63
142.INTNODE2406 1.00000000  9.114003e-14 3.300734e-39
202.INTNODE2406 1.00000000  2.847928e-22 8.961786e-25
205.INTNODE2406 0.99999292  7.075254e-06 4.811719e-23
206.INTNODE2406 0.99984341  1.565947e-04 2.169786e-37
209.INTNODE2406 0.98626666  1.373334e-02 4.812190e-58
