[1] "Initial parameters:"
           lambda        p
[1,] 0.0007407853 2.360302
[2,] 0.0026899310 1.331532
[3,] 0.0188949562 6.725761
[1] 0.3333333 0.3333333 0.3333333
[1] "------------Step 1"
[1] "Running in group mode"
[1] "expon_lambda root  0.00069552494164965"
[1] "staring with p = " "0.2"              
[1] "precision_p  2.18284988307005e-07"
          p_root lambda_weib_root 
    1.2063725655     0.0008783368 
[1] "Running in group mode"
[1] "expon_lambda root  0.002688922993739"
[1] "staring with p = " "0.2"              
[1] "precision_p  1.05330855149077e-10"
          p_root lambda_weib_root 
     0.684876006      0.002229493 
[1] "Running in group mode"
[1] "expon_lambda root  0.0126498722226735"
[1] "staring with p = " "0.2"              
[1] "precision_p  3.91797705390218e-11"
          p_root lambda_weib_root 
      2.23049871       0.01672354 
                        [,1]       [,2]          [,3]
156.INTNODE1247 1.250270e-05 0.99772377  2.263729e-03
240.INTNODE1247 8.580992e-06 0.21948210  7.805093e-01
277.INTNODE1249 2.339189e-08 0.99990051  9.946614e-05
467.INTNODE1354 6.754442e-11 0.99999804  1.955902e-06
7.INTNODE1628   3.690850e-13 1.00000000  6.289770e-18
202.INTNODE1911 2.493795e-10 1.00000000  3.947011e-15
203.INTNODE2046 2.937471e-07 0.99999971  6.148070e-11
202.INTNODE2079 1.252905e-06 0.99999867  7.597783e-08
202.INTNODE2080 1.370790e-10 1.00000000  1.302444e-16
206.INTNODE2084 2.250833e-06 0.99999751  2.417712e-07
52.INTNODE2226  2.878363e-08 0.99999746  2.511878e-06
162.INTNODE2226 1.897338e-11 1.00000000  5.674403e-11
157.INTNODE2228 3.611468e-10 0.99993038  6.961467e-05
290.INTNODE2230 2.380789e-07 0.98416833  1.583143e-02
205.INTNODE2233 2.023004e-16 0.97886801  2.113199e-02
467.INTNODE2283 1.353455e-05 0.98262066  1.736581e-02
99.INTNODE2298  1.299312e-08 0.97559589  2.440410e-02
111.INTNODE2298 2.288199e-06 0.99906347  9.342404e-04
489.INTNODE2301 1.537466e-07 0.99999985  1.295621e-66
3.INTNODE2304   1.132542e-29 1.00000000  1.145270e-82
182.INTNODE2305 7.168533e-08 0.99999993 4.446560e-108
169.INTNODE2394 9.162474e-40 1.00000000 8.280415e-139
199.INTNODE2394 4.111475e-04 0.99934648  2.423700e-04
361.INTNODE2395 9.855788e-03 0.99014421 1.051823e-278
86.INTNODE2399  1.300292e-02 0.98699708  0.000000e+00
289.INTNODE2399 1.932196e-17 1.00000000  0.000000e+00
326.INTNODE2400 1.487699e-14 1.00000000  0.000000e+00
88.INTNODE2401  1.377579e-05 0.99998622  0.000000e+00
97.INTNODE2401  6.267745e-06 0.99999373  0.000000e+00
287.INTNODE2401 6.740697e-03 0.99325930  0.000000e+00
289.INTNODE2401 4.063848e-06 0.99994368  5.225573e-05
16.INTNODE2402  1.685045e-01 0.83149547  0.000000e+00
74.INTNODE2402  2.808622e-05 0.99997191  0.000000e+00
91.INTNODE2404  1.407244e-06 0.99999859  0.000000e+00
155.INTNODE2404 4.156586e-03 0.99584341  0.000000e+00
223.INTNODE2404 2.612433e-01 0.73875668  0.000000e+00
173.INTNODE2405 1.776157e-04 0.99982238  0.000000e+00
12.INTNODE2406  2.449628e-04 0.99975504  0.000000e+00
13.INTNODE2406  2.903443e-01 0.70965573  0.000000e+00
71.INTNODE2406  9.166317e-03 0.99083368  0.000000e+00
142.INTNODE2406 4.701018e-32 1.00000000  0.000000e+00
202.INTNODE2406 1.248198e-14 1.00000000  0.000000e+00
205.INTNODE2406 1.327532e-14 1.00000000  0.000000e+00
206.INTNODE2406 3.411651e-12 1.00000000  0.000000e+00
209.INTNODE2406 2.897203e-03 0.99710280  0.000000e+00
210.INTNODE2406 8.678679e-05 0.99991321  0.000000e+00
418.INTNODE2406 5.750806e-09 0.99999999  0.000000e+00
293.INTNODE2415 1.783777e-05 0.99998216  0.000000e+00
138.INTNODE2416 6.890251e-08 0.99999993  0.000000e+00
240.INTNODE2421 9.288336e-04 0.99907117  0.000000e+00
238.INTNODE2422 5.007774e-61 1.00000000  0.000000e+00
269.INTNODE2423 9.609203e-03 0.99039080  0.000000e+00
311.INTNODE2423 8.428561e-02 0.91571439  0.000000e+00
73.INTNODE2425  9.520754e-04 0.99904792  0.000000e+00
151.INTNODE2425 2.700264e-10 1.00000000  0.000000e+00
207.INTNODE2425 1.804544e-03 0.99819546  0.000000e+00
145.INTNODE2426 1.035329e-05 0.99998965  0.000000e+00
178.INTNODE2426 6.228991e-09 0.99999999  0.000000e+00
88.INTNODE2428  1.986672e-06 0.99999801  0.000000e+00
111.INTNODE2428 1.078917e-09 1.00000000  0.000000e+00
155.INTNODE2428 3.547315e-04 0.99964527  8.032750e-20
470.INTNODE2428 1.288378e-01 0.87116224  0.000000e+00
4.INTNODE2429   7.010277e-01 0.29897225  0.000000e+00
13.INTNODE2429  2.474954e-06 0.99999753  3.512651e-54
90.INTNODE2429  4.804540e-04 0.99951955  0.000000e+00
113.INTNODE2429 1.814627e-09 1.00000000  0.000000e+00
145.INTNODE2429 5.135598e-05 0.70779655  2.921521e-01
171.INTNODE2429 3.523546e-08 0.99999996  0.000000e+00
179.INTNODE2429 4.114146e-07 0.99999959  0.000000e+00
184.INTNODE2429 4.662395e-06 0.99999534  0.000000e+00
186.INTNODE2429 9.529023e-07 0.99999905  0.000000e+00
202.INTNODE2429 6.302105e-08 0.99999994  4.353522e-49
205.INTNODE2429 2.327738e-06 0.99999767  2.868545e-37
289.INTNODE2429 1.995024e-03 0.99800498  0.000000e+00
415.INTNODE2429 3.887728e-03 0.99611227  0.000000e+00
113.INTNODE2433 8.137254e-06 0.99836216  1.629699e-03
292.INTNODE2433 9.731854e-01 0.02681462  0.000000e+00
78.INTNODE2434  4.003463e-01 0.59965369  0.000000e+00
85.INTNODE2434  1.064821e-01 0.89351785  0.000000e+00
169.INTNODE2434 2.013838e-11 1.00000000  0.000000e+00
176.INTNODE2434 3.201820e-28 1.00000000  0.000000e+00
201.INTNODE2434 4.752892e-06 0.99999525  0.000000e+00
238.INTNODE2434 3.962286e-06 0.99999604  7.784787e-96
488.INTNODE2434 4.187717e-05 0.99995812  0.000000e+00
60.INTNODE2435  1.514055e-03 0.99848595  0.000000e+00
171.INTNODE2435 2.651525e-05 0.99946602  5.074673e-04
202.INTNODE2435 2.295170e-04 0.99975292  1.756635e-05
206.INTNODE2435 2.960379e-05 0.99997040  0.000000e+00
232.INTNODE2435 1.842238e-03 0.99815776  0.000000e+00
261.INTNODE2435 4.345859e-04 0.99956541  0.000000e+00
[1] 0.03539258 0.95174946 0.01285795
[1] "weights"
[1] 0.03539258 0.95174946 0.01285795
[1] "weights"
[1] 0.03539258 0.95174946 0.01285795
[1] "weights"
[1] 0.03539258 0.95174946 0.01285795
[1] "model lnL"
[1] -2839.457
[1] "------------Step 2"
[1] "Running in group mode"
[1] "expon_lambda root  0.00085983665001355"
[1] "staring with p = " "0.2"              
[1] "precision_p  1.21982424161615e-11"
          p_root lambda_weib_root 
     1.203042213      0.001119965 
[1] "Running in group mode"
[1] "expon_lambda root  0.00273377226138115"
[1] "staring with p = " "0.2"              
[1] "precision_p  2.33058017329313e-11"
          p_root lambda_weib_root 
     0.671188411      0.002286715 
[1] "Running in group mode"
[1] "expon_lambda root  0.00828755362298189"
[1] "staring with p = " "0.2"              
[1] "precision_p  8.41821890418259e-07"
          p_root lambda_weib_root 
      1.78702593       0.01482185 
                        [,1]      [,2]          [,3]
156.INTNODE1247 5.022847e-04 0.9796389  1.985878e-02
240.INTNODE1247 8.703061e-04 0.8873106  1.118191e-01
277.INTNODE1249 3.549522e-05 0.9665684  3.339609e-02
467.INTNODE1354 5.030817e-06 0.9788305  2.116445e-02
7.INTNODE1628   3.783465e-07 0.9999694  3.017482e-05
202.INTNODE1911 6.007558e-06 0.9999323  6.164368e-05
203.INTNODE2046 6.602388e-05 0.9997532  1.808182e-04
202.INTNODE2079 2.959053e-04 0.9973625  2.341606e-03
202.INTNODE2080 5.977749e-06 0.9999663  2.774473e-05
206.INTNODE2084 3.768448e-03 0.9868650  9.366586e-03
52.INTNODE2226  5.440852e-03 0.9420599  5.249928e-02
162.INTNODE2226 2.497933e-04 0.9914972  8.253047e-03
157.INTNODE2228 3.817880e-04 0.9948135  4.804749e-03
290.INTNODE2230 3.502848e-03 0.9960354  4.617773e-04
205.INTNODE2233 7.094225e-07 0.9910529  8.946431e-03
467.INTNODE2283 7.926028e-04 0.9576734  4.153403e-02
99.INTNODE2298  1.110035e-03 0.9988895  4.382781e-07
111.INTNODE2298 9.524509e-03 0.9904755  2.071152e-08
489.INTNODE2301 1.299343e-02 0.9870066  1.263506e-18
3.INTNODE2304   2.106959e-11 1.0000000  7.845471e-12
182.INTNODE2305 9.719188e-03 0.9902808  6.239194e-22
169.INTNODE2394 1.012127e-14 0.9987168  1.283212e-03
199.INTNODE2394 3.866600e-02 0.9613334  5.538168e-07
361.INTNODE2395 4.961404e-01 0.5038596  1.093150e-30
86.INTNODE2399  3.997103e-01 0.6002897  2.319036e-33
289.INTNODE2399 9.939986e-07 0.9999990  2.465961e-27
326.INTNODE2400 1.162217e-05 0.9999884  2.998517e-32
88.INTNODE2401  4.208342e-02 0.9579166  4.910502e-41
97.INTNODE2401  2.775051e-02 0.9722495  2.512755e-41
287.INTNODE2401 2.339786e-01 0.7660214  2.019673e-45
289.INTNODE2401 2.779158e-04 0.9904793  9.242750e-03
16.INTNODE2402  4.924968e-01 0.5075032  2.070808e-68
74.INTNODE2402  3.172649e-02 0.9682735  2.043257e-65
91.INTNODE2404  9.657214e-03 0.9903428  1.230770e-73
155.INTNODE2404 1.454132e-01 0.8545868  2.046516e-76
223.INTNODE2404 4.712571e-01 0.5287429  1.016560e-77
173.INTNODE2405 3.251608e-02 0.9674839  6.039318e-84
12.INTNODE2406  6.985753e-02 0.9301425  1.034682e-79
13.INTNODE2406  4.907343e-01 0.5092657  6.964533e-82
71.INTNODE2406  2.076938e-01 0.7923062  5.354430e-82
142.INTNODE2406 9.224383e-12 1.0000000  6.596503e-58
202.INTNODE2406 1.403101e-06 0.9999986  2.583069e-27
205.INTNODE2406 5.222867e-06 0.9999948  1.240921e-22
206.INTNODE2406 6.259191e-05 0.9999374  4.102398e-44
209.INTNODE2406 1.186041e-01 0.8813959  1.337737e-74
210.INTNODE2406 3.966930e-02 0.9603307  5.281101e-75
418.INTNODE2406 1.087129e-03 0.9989129  1.653270e-79
293.INTNODE2415 1.444826e-02 0.9855517 4.895463e-110
138.INTNODE2416 1.484482e-03 0.9985155 5.111981e-122
240.INTNODE2421 3.385764e-02 0.9661424 1.157868e-130
238.INTNODE2422 2.820202e-23 1.0000000  2.219836e-93
269.INTNODE2423 8.039603e-02 0.9196040 7.703034e-101
311.INTNODE2423 2.453750e-01 0.7546250 3.483883e-130
73.INTNODE2425  2.583349e-02 0.9741665 9.373001e-141
151.INTNODE2425 7.872525e-05 0.9999213 1.384387e-138
207.INTNODE2425 1.533783e-02 0.9846622  2.990794e-11
145.INTNODE2426 6.654659e-03 0.9933453 1.149675e-140
178.INTNODE2426 9.658361e-04 0.9990342 1.990590e-138
88.INTNODE2428  6.777026e-04 0.9993223  8.240037e-12
111.INTNODE2428 2.035006e-04 0.9997965  2.462769e-56
155.INTNODE2428 4.364451e-03 0.9928916  2.743994e-03
470.INTNODE2428 1.851563e-01 0.8148437 1.532245e-151
4.INTNODE2429   2.630099e-01 0.7369901 5.036821e-193
13.INTNODE2429  7.526083e-04 0.9991957  5.170564e-05
90.INTNODE2429  1.420812e-02 0.9857919 2.059696e-180
113.INTNODE2429 5.959667e-04 0.9994040 8.408560e-178
145.INTNODE2429 1.466738e-03 0.9357108  6.282243e-02
171.INTNODE2429 4.160488e-04 0.9995840 4.573561e-189
179.INTNODE2429 1.412438e-03 0.9985876 1.219502e-170
184.INTNODE2429 2.695603e-03 0.9973044 5.043948e-188
186.INTNODE2429 4.294294e-03 0.9957057 2.901010e-179
202.INTNODE2429 2.124804e-04 0.9975311  2.256453e-03
205.INTNODE2429 6.147214e-04 0.9974592  1.926078e-03
289.INTNODE2429 1.364107e-02 0.9863589  2.546035e-09
415.INTNODE2429 4.630176e-02 0.9536982 2.650594e-189
113.INTNODE2433 4.091854e-04 0.9801373  1.945350e-02
292.INTNODE2433 4.256873e-01 0.5743127 8.233240e-242
78.INTNODE2434  1.406992e-01 0.8593008 4.909205e-244
85.INTNODE2434  1.151766e-01 0.8848234 8.915362e-240
169.INTNODE2434 3.746510e-05 0.9999625  8.483588e-24
176.INTNODE2434 3.601748e-10 1.0000000 6.320364e-207
201.INTNODE2434 4.514300e-03 0.9954857 2.448595e-235
238.INTNODE2434 7.459232e-04 0.9966369  2.617131e-03
488.INTNODE2434 6.757455e-03 0.9932425 1.233212e-238
60.INTNODE2435  1.040722e-02 0.9895928  4.577232e-17
171.INTNODE2435 9.117379e-04 0.9817566  1.733168e-02
202.INTNODE2435 3.094472e-03 0.9634617  3.344378e-02
206.INTNODE2435 2.432243e-03 0.9975678  2.989964e-17
232.INTNODE2435 1.107990e-02 0.9889201  7.878038e-09
261.INTNODE2435 1.561837e-02 0.9843816 1.227818e-290
[1] 0.056674451 0.938126437 0.005199112
[1] "weights"
[1] 0.056674451 0.938126437 0.005199112
[1] "weights"
[1] 0.056674451 0.938126437 0.005199112
[1] "weights"
[1] 0.056674451 0.938126437 0.005199112
[1] "model lnL"
[1] -2834.138
[1] "------------Step 3"
[1] "Running in group mode"
[1] "expon_lambda root  0.000953950885571804"
[1] "staring with p = " "0.2"              
[1] "precision_p  4.44089209850063e-13"
          p_root lambda_weib_root 
      1.17137762       0.00118151 
[1] "Running in group mode"
[1] "expon_lambda root  0.00274170418554941"
[1] "staring with p = " "0.2"              
[1] "precision_p  1.02318153949454e-12"
          p_root lambda_weib_root 
     0.668522960      0.002296064 
[1] "Running in group mode"
[1] "expon_lambda root  0.0097833681536845"
[1] "staring with p = " "0.2"              
[1] "precision_p  9.48186734461842e-07"
          p_root lambda_weib_root 
      2.25204848       0.01055336 
                        [,1]       [,2]         [,3]
156.INTNODE1247 1.393707e-03 0.98658335 1.202294e-02
240.INTNODE1247 2.619215e-03 0.95689668 4.048410e-02
277.INTNODE1249 1.283262e-04 0.97753587 2.233581e-02
467.INTNODE1354 2.348335e-05 0.98273009 1.724643e-02
7.INTNODE1628   1.714406e-06 0.99979336 2.049239e-04
202.INTNODE1911 2.124721e-05 0.99971120 2.675533e-04
203.INTNODE2046 1.756626e-04 0.99940809 4.162481e-04
202.INTNODE2079 8.300397e-04 0.99647410 2.695864e-03
202.INTNODE2080 2.116300e-05 0.99983623 1.426040e-04
206.INTNODE2084 1.154567e-02 0.98280483 5.649498e-03
52.INTNODE2226  2.343092e-02 0.96384016 1.272892e-02
162.INTNODE2226 1.346740e-03 0.99435847 4.294793e-03
157.INTNODE2228 1.881028e-03 0.99698185 1.137124e-03
290.INTNODE2230 1.268280e-02 0.98717802 1.391884e-04
205.INTNODE2233 7.387022e-06 0.99654343 3.449181e-03
467.INTNODE2283 2.274381e-03 0.97984826 1.787736e-02
99.INTNODE2298  4.972811e-03 0.99502542 1.771048e-06
111.INTNODE2298 3.180657e-02 0.96819328 1.473617e-07
489.INTNODE2301 5.130677e-02 0.94869323 1.431788e-13
3.INTNODE2304   1.275146e-09 0.99999968 3.144309e-07
182.INTNODE2305 3.798027e-02 0.96201973 2.133944e-15
169.INTNODE2394 4.019733e-13 0.09235054 9.076495e-01
199.INTNODE2394 9.794508e-02 0.90205263 2.291064e-06
361.INTNODE2395 6.861742e-01 0.31382584 1.182047e-20
86.INTNODE2399  5.923257e-01 0.40767435 1.509952e-21
289.INTNODE2399 1.438901e-05 0.99998561 4.255645e-16
326.INTNODE2400 1.266997e-04 0.99987330 2.975428e-18
88.INTNODE2401  1.357067e-01 0.86429327 6.813319e-24
97.INTNODE2401  9.210676e-02 0.90789324 4.350142e-24
287.INTNODE2401 3.798152e-01 0.62018485 3.019912e-27
289.INTNODE2401 7.630698e-04 0.99233513 6.901801e-03
16.INTNODE2402  6.425890e-01 0.35741101 2.389960e-36
74.INTNODE2402  9.556366e-02 0.90443634 8.400978e-34
91.INTNODE2404  3.870451e-02 0.96129549 3.252275e-36
155.INTNODE2404 2.869303e-01 0.71306966 1.629003e-38
223.INTNODE2404 6.156341e-01 0.38436587 1.113017e-39
173.INTNODE2405 7.057732e-02 0.92942268 6.593616e-42
12.INTNODE2406  1.907332e-01 0.80926679 1.059836e-38
13.INTNODE2406  6.342352e-01 0.36576476 6.395011e-41
71.INTNODE2406  3.820009e-01 0.61799911 2.298709e-40
142.INTNODE2406 2.504257e-09 1.00000000 3.663355e-21
202.INTNODE2406 1.238196e-05 0.99998762 1.277128e-14
205.INTNODE2406 8.557549e-05 0.99991442 2.857607e-10
206.INTNODE2406 6.969373e-04 0.99930306 1.127652e-20
209.INTNODE2406 2.469980e-01 0.75300201 4.605209e-37
210.INTNODE2406 1.168098e-01 0.88319016 1.256698e-36
418.INTNODE2406 5.746922e-03 0.99425308 4.864149e-38
293.INTNODE2415 5.463445e-02 0.94536555 5.378550e-47
138.INTNODE2416 7.131169e-03 0.99286883 1.113031e-51
240.INTNODE2421 6.686393e-02 0.93313607 4.242379e-57
238.INTNODE2422 3.015070e-19 1.00000000 1.028159e-26
269.INTNODE2423 1.745942e-01 0.82540580 3.352544e-43
311.INTNODE2423 4.079161e-01 0.59208392 6.663677e-56
73.INTNODE2425  5.000635e-02 0.94999365 2.951148e-60
151.INTNODE2425 3.501550e-04 0.99964985 2.272695e-58
207.INTNODE2425 3.991452e-02 0.96008487 6.059214e-07
145.INTNODE2426 2.347791e-02 0.97652209 2.925868e-57
178.INTNODE2426 8.114893e-03 0.99188511 5.628426e-54
88.INTNODE2428  2.310020e-03 0.99768951 4.666507e-07
111.INTNODE2428 1.766694e-03 0.99823331 1.277452e-22
155.INTNODE2428 1.196840e-02 0.98382303 4.208564e-03
470.INTNODE2428 3.159481e-01 0.68405194 5.748861e-62
4.INTNODE2429   3.323962e-01 0.66760384 9.505504e-76
13.INTNODE2429  2.666934e-03 0.99664761 6.854595e-04
90.INTNODE2429  3.517910e-02 0.96482090 1.460610e-69
113.INTNODE2429 6.242100e-03 0.99375790 1.906751e-64
145.INTNODE2429 4.239894e-03 0.96938067 2.637944e-02
171.INTNODE2429 1.726509e-03 0.99827349 2.368402e-72
179.INTNODE2429 6.459667e-03 0.99354033 3.525771e-64
184.INTNODE2429 8.578838e-03 0.99142116 3.135682e-72
186.INTNODE2429 2.518859e-02 0.97481141 1.875418e-66
202.INTNODE2429 9.899070e-04 0.98614777 1.286232e-02
205.INTNODE2429 2.201113e-03 0.99109891 6.699977e-03
289.INTNODE2429 3.571402e-02 0.96428193 4.055701e-06
415.INTNODE2429 1.069751e-01 0.89302492 7.061972e-73
113.INTNODE2433 1.135490e-03 0.98751838 1.134613e-02
292.INTNODE2433 4.950927e-01 0.50490726 1.946052e-88
78.INTNODE2434  2.238434e-01 0.77615657 1.454059e-87
85.INTNODE2434  2.362964e-01 0.76370363 3.267863e-85
169.INTNODE2434 5.064352e-04 0.99949341 1.550063e-07
176.INTNODE2434 1.969371e-07 0.99999980 2.736310e-58
201.INTNODE2434 2.471739e-02 0.97528261 3.916534e-81
238.INTNODE2434 2.676350e-03 0.98415553 1.316812e-02
488.INTNODE2434 2.768939e-02 0.97231061 6.934385e-83
60.INTNODE2435  2.664916e-02 0.97335084 4.264643e-09
171.INTNODE2435 2.536088e-03 0.98678917 1.067474e-02
202.INTNODE2435 8.728294e-03 0.97129458 1.997712e-02
206.INTNODE2435 8.280415e-03 0.99171957 1.521098e-08
232.INTNODE2435 2.953075e-02 0.97044991 1.934204e-05
261.INTNODE2435 5.930595e-02 0.94069405 1.186310e-95
[1] 0.09308099 0.89401152 0.01290750
[1] "weights"
[1] 0.09308099 0.89401152 0.01290750
[1] "weights"
[1] 0.09308099 0.89401152 0.01290750
[1] "weights"
[1] 0.09308099 0.89401152 0.01290750
[1] "model lnL"
[1] -2824.555
[1] "------------Step 4"
[1] "Running in group mode"
[1] "expon_lambda root  0.00102329140742239"
[1] "staring with p = " "0.2"              
[1] "precision_p  1.25766064229538e-12"
          p_root lambda_weib_root 
     1.102604982      0.001162654 
[1] "Running in group mode"
[1] "expon_lambda root  0.00283365623260486"
[1] "staring with p = " "0.2"              
[1] "precision_p  4.71800376544707e-12"
          p_root lambda_weib_root 
     0.666249146      0.002404228 
[1] "Running in group mode"
[1] "expon_lambda root  0.00934533010845945"
[1] "staring with p = " "0.2"              
[1] "precision_p  2.90024711802062e-07"
          p_root lambda_weib_root 
      2.34133516       0.01050316 
                        [,1]         [,2]          [,3]
156.INTNODE1247 3.281772e-03 9.920954e-01  4.622840e-03
240.INTNODE1247 5.990381e-03 9.657256e-01  2.828406e-02
277.INTNODE1249 3.649242e-04 9.981808e-01  1.454231e-03
467.INTNODE1354 7.770190e-05 9.993031e-01  6.192311e-04
7.INTNODE1628   6.504355e-06 9.999931e-01  3.486260e-07
202.INTNODE1911 6.748315e-05 9.999302e-01  2.279524e-06
203.INTNODE2046 4.583142e-04 9.995229e-01  1.877666e-05
202.INTNODE2079 2.081805e-03 9.975821e-01  3.360565e-04
202.INTNODE2080 6.819046e-05 9.999307e-01  1.133592e-06
206.INTNODE2084 2.782674e-02 9.680174e-01  4.155899e-03
52.INTNODE2226  5.903824e-02 8.970779e-01  4.388382e-02
162.INTNODE2226 4.454921e-03 9.933116e-01  2.233457e-03
157.INTNODE2228 5.552239e-03 9.805394e-01  1.390834e-02
290.INTNODE2230 3.057728e-02 9.506760e-01  1.874672e-02
205.INTNODE2233 3.226636e-05 9.856871e-01  1.428063e-02
467.INTNODE2283 5.335491e-03 9.858449e-01  8.819620e-03
99.INTNODE2298  1.309844e-02 9.791657e-01  7.735872e-03
111.INTNODE2298 7.059922e-02 9.262242e-01  3.176571e-03
489.INTNODE2301 1.161330e-01 8.838604e-01  6.657841e-06
3.INTNODE2304   1.247886e-08 9.996491e-01  3.509092e-04
182.INTNODE2305 8.918427e-02 9.108155e-01  1.985184e-07
169.INTNODE2394 3.777131e-15 4.792281e-05  9.999521e-01
199.INTNODE2394 1.797093e-01 8.108808e-01  9.409851e-03
361.INTNODE2395 7.957729e-01 2.042271e-01  1.805293e-10
86.INTNODE2399  7.208057e-01 2.791943e-01  2.209988e-11
289.INTNODE2399 6.487994e-05 9.999351e-01  1.251522e-08
326.INTNODE2400 4.767722e-04 9.995232e-01  8.106940e-10
88.INTNODE2401  2.508618e-01 7.491382e-01  8.930000e-13
97.INTNODE2401  1.812564e-01 8.187436e-01  3.445604e-13
287.INTNODE2401 5.255771e-01 4.744229e-01  4.050319e-16
289.INTNODE2401 1.855765e-03 9.969988e-01  1.145440e-03
16.INTNODE2402  7.477555e-01 2.522445e-01  1.197101e-23
74.INTNODE2402  1.816076e-01 8.183924e-01  9.681012e-22
91.INTNODE2404  8.404793e-02 9.159521e-01  4.868285e-24
155.INTNODE2404 4.251252e-01 5.748748e-01  4.943706e-26
223.INTNODE2404 7.230245e-01 2.769755e-01  5.854175e-27
173.INTNODE2405 1.325172e-01 8.674828e-01  4.904117e-30
12.INTNODE2406  3.187226e-01 6.812774e-01  2.580876e-26
13.INTNODE2406  7.384211e-01 2.615789e-01  1.821876e-28
71.INTNODE2406  5.267150e-01 4.732850e-01  7.614960e-28
142.INTNODE2406 2.769768e-08 1.000000e+00  9.572368e-12
202.INTNODE2406 4.868305e-05 9.999513e-01  1.998771e-10
205.INTNODE2406 3.314832e-04 9.994856e-01  1.829328e-04
206.INTNODE2406 2.289326e-03 9.977107e-01  3.331186e-12
209.INTNODE2406 3.799123e-01 6.200877e-01  1.788073e-25
210.INTNODE2406 2.133222e-01 7.866778e-01  6.058570e-25
418.INTNODE2406 1.510619e-02 9.848938e-01  1.876225e-26
293.INTNODE2415 1.111657e-01 8.888343e-01  8.030751e-37
138.INTNODE2416 1.770525e-02 9.822947e-01  1.399042e-41
240.INTNODE2421 1.226365e-01 8.773635e-01  4.867054e-47
238.INTNODE2422 2.072243e-17 1.000000e+00  1.884424e-24
269.INTNODE2423 2.809626e-01 7.190374e-01  5.448091e-35
311.INTNODE2423 5.414303e-01 4.585697e-01  3.485739e-45
73.INTNODE2425  9.328525e-02 9.067148e-01  6.978072e-51
151.INTNODE2425 1.030205e-03 9.989698e-01  3.603065e-50
207.INTNODE2425 7.666981e-02 9.228996e-01  4.306071e-04
145.INTNODE2426 5.042121e-02 9.495788e-01  1.158468e-48
178.INTNODE2426 2.142168e-02 9.785783e-01  1.044423e-44
88.INTNODE2428  5.560096e-03 9.944024e-01  3.753037e-05
111.INTNODE2428 5.060222e-03 9.949398e-01  1.068522e-16
155.INTNODE2428 2.338120e-02 9.104216e-01  6.619718e-02
470.INTNODE2428 4.407700e-01 5.592300e-01  4.388778e-53
4.INTNODE2429   4.431986e-01 5.568014e-01  1.168017e-69
13.INTNODE2429  6.294211e-03 9.773488e-01  1.635700e-02
90.INTNODE2429  6.851972e-02 9.314803e-01  3.320885e-64
113.INTNODE2429 1.718238e-02 9.828176e-01  4.580116e-58
145.INTNODE2429 9.201749e-03 9.472875e-01  4.351075e-02
171.INTNODE2429 4.480249e-03 9.955198e-01  2.749076e-67
179.INTNODE2429 1.560652e-02 9.843935e-01  2.473348e-59
184.INTNODE2429 1.935108e-02 9.806489e-01  6.502886e-67
186.INTNODE2429 5.743006e-02 9.425699e-01  3.883322e-60
202.INTNODE2429 2.160225e-03 8.103676e-01  1.874722e-01
205.INTNODE2429 5.062919e-03 9.418997e-01  5.303735e-02
289.INTNODE2429 6.864294e-02 9.290849e-01  2.272149e-03
415.INTNODE2429 1.848411e-01 8.151589e-01  1.116956e-66
113.INTNODE2433 2.710926e-03 9.942317e-01  3.057337e-03
292.INTNODE2433 5.956539e-01 4.043461e-01  3.992332e-87
78.INTNODE2434  3.261693e-01 6.738307e-01  1.913606e-87
85.INTNODE2434  3.513424e-01 6.486576e-01  1.664408e-84
169.INTNODE2434 1.640604e-03 9.979748e-01  3.845660e-04
176.INTNODE2434 1.756906e-06 9.999982e-01  1.995178e-58
201.INTNODE2434 5.496241e-02 9.450376e-01  9.405638e-81
238.INTNODE2434 5.857167e-03 9.017328e-01  9.241003e-02
488.INTNODE2434 5.833732e-02 9.416627e-01  3.580905e-83
60.INTNODE2435  5.225920e-02 9.477387e-01  2.051146e-06
171.INTNODE2435 5.781244e-03 9.840050e-01  1.021375e-02
202.INTNODE2435 1.693853e-02 8.790573e-01  1.040041e-01
206.INTNODE2435 1.836630e-02 9.816292e-01  4.508850e-06
232.INTNODE2435 5.742741e-02 9.395744e-01  2.998238e-03
261.INTNODE2435 1.148428e-01 8.851572e-01 6.534351e-102
[1] 0.13261467 0.84798847 0.01939686
[1] "weights"
[1] 0.13261467 0.84798847 0.01939686
[1] "weights"
[1] 0.13261467 0.84798847 0.01939686
[1] "weights"
[1] 0.13261467 0.84798847 0.01939686
[1] "model lnL"
[1] -2822
[1] "------------Step 5"
[1] "Running in group mode"
[1] "expon_lambda root  0.00108212463442538"
[1] "staring with p = " "0.2"              
[1] "precision_p  4.17917107142785e-07"
          p_root lambda_weib_root 
     0.999139120      0.001080917 
[1] "Running in group mode"
[1] "expon_lambda root  0.00296911179392136"
[1] "staring with p = " "0.2"              
[1] "precision_p  1.13686837721616e-12"
          p_root lambda_weib_root 
     0.666135458      0.002571432 
[1] "Running in group mode"
[1] "expon_lambda root  0.00917130869157483"
[1] "staring with p = " "0.2"              
[1] "precision_p  1.04147205703953e-06"
          p_root lambda_weib_root 
      2.34092065       0.01047433 
                        [,1]         [,2]          [,3]
156.INTNODE1247 6.762568e-03 9.878143e-01  5.423114e-03
240.INTNODE1247 1.137146e-02 9.519519e-01  3.667661e-02
277.INTNODE1249 9.161093e-04 9.977209e-01  1.363029e-03
467.INTNODE1354 2.338378e-04 9.992586e-01  5.075262e-04
7.INTNODE1628   2.740124e-05 9.999724e-01  1.750877e-07
202.INTNODE1911 2.305186e-04 9.997680e-01  1.458448e-06
203.INTNODE2046 1.200901e-03 9.987836e-01  1.552204e-05
202.INTNODE2079 5.056823e-03 9.946134e-01  3.298008e-04
202.INTNODE2080 2.435033e-04 9.997558e-01  7.003688e-07
206.INTNODE2084 6.625034e-02 9.289496e-01  4.800085e-03
52.INTNODE2226  1.473907e-01 7.994083e-01  5.320100e-02
162.INTNODE2226 1.606218e-02 9.817377e-01  2.200094e-03
157.INTNODE2228 1.622490e-02 9.652037e-01  1.857138e-02
290.INTNODE2230 6.934102e-02 8.995690e-01  3.108993e-02
205.INTNODE2233 1.289467e-04 9.844913e-01  1.537977e-02
467.INTNODE2283 1.099113e-02 9.782952e-01  1.071366e-02
99.INTNODE2298  3.074095e-02 9.535465e-01  1.571258e-02
111.INTNODE2298 1.396510e-01 8.533072e-01  7.041797e-03
489.INTNODE2301 2.310262e-01 7.689570e-01  1.683706e-05
3.INTNODE2304   9.372777e-08 9.996995e-01  3.004151e-04
182.INTNODE2305 1.930787e-01 8.069209e-01  4.543620e-07
169.INTNODE2394 2.790923e-14 4.449054e-05  9.999555e-01
199.INTNODE2394 2.838924e-01 6.970583e-01  1.904925e-02
361.INTNODE2395 8.744735e-01 1.255265e-01  3.433645e-10
86.INTNODE2399  8.190351e-01 1.809649e-01  3.720826e-11
289.INTNODE2399 2.370561e-04 9.997629e-01  1.624769e-08
326.INTNODE2400 1.415252e-03 9.985847e-01  1.023315e-09
88.INTNODE2401  3.850597e-01 6.149403e-01  1.296532e-12
97.INTNODE2401  3.029601e-01 6.970399e-01  4.800869e-13
287.INTNODE2401 6.785832e-01 3.214168e-01  4.179673e-16
289.INTNODE2401 4.107594e-03 9.946877e-01  1.204717e-03
16.INTNODE2402  8.305396e-01 1.694604e-01  3.595001e-24
74.INTNODE2402  2.989975e-01 7.010025e-01  3.293958e-22
91.INTNODE2404  1.513396e-01 8.486604e-01  9.103027e-25
155.INTNODE2404 5.656408e-01 4.343592e-01  7.737589e-27
223.INTNODE2404 8.096539e-01 1.903461e-01  8.796839e-28
173.INTNODE2405 2.510444e-01 7.489556e-01  4.209915e-31
12.INTNODE2406  4.491661e-01 5.508339e-01  2.912667e-27
13.INTNODE2406  8.215005e-01 1.784995e-01  1.775959e-29
71.INTNODE2406  6.546689e-01 3.453311e-01  7.389463e-29
142.INTNODE2406 1.052182e-07 9.999999e-01  1.080425e-12
202.INTNODE2406 1.640005e-04 9.998360e-01  1.193822e-10
205.INTNODE2406 7.439658e-04 9.990631e-01  1.929812e-04
206.INTNODE2406 4.853576e-03 9.951464e-01  1.647147e-12
209.INTNODE2406 5.207055e-01 4.792945e-01  2.433618e-26
210.INTNODE2406 3.304594e-01 6.695406e-01  8.382198e-26
418.INTNODE2406 3.394165e-02 9.660584e-01  1.878881e-27
293.INTNODE2415 1.808278e-01 8.191722e-01  3.359324e-39
138.INTNODE2416 3.703756e-02 9.629624e-01  2.175357e-44
240.INTNODE2421 2.339750e-01 7.660250e-01  4.185314e-50
238.INTNODE2422 3.452506e-16 1.000000e+00  5.540302e-28
269.INTNODE2423 3.945102e-01 6.054898e-01  2.353569e-37
311.INTNODE2423 6.576863e-01 3.423137e-01  2.934711e-48
73.INTNODE2425  1.855788e-01 8.144212e-01  1.959642e-54
151.INTNODE2425 3.222421e-03 9.967776e-01  8.215381e-54
207.INTNODE2425 1.189455e-01 8.804432e-01  6.113111e-04
145.INTNODE2426 9.358211e-02 9.064179e-01  1.883388e-52
178.INTNODE2426 3.606777e-02 9.639322e-01  1.930412e-48
88.INTNODE2428  1.124358e-02 9.887166e-01  3.981130e-05
111.INTNODE2428 8.890828e-03 9.911092e-01  7.615985e-18
155.INTNODE2428 3.779533e-02 8.575198e-01  1.046849e-01
470.INTNODE2428 5.615915e-01 4.384085e-01  2.757058e-57
4.INTNODE2429   5.902440e-01 4.097560e-01  5.660634e-76
13.INTNODE2429  1.211408e-02 9.636995e-01  2.418644e-02
90.INTNODE2429  1.277008e-01 8.722992e-01  4.110905e-70
113.INTNODE2429 2.762747e-02 9.723725e-01  5.870216e-64
145.INTNODE2429 1.672136e-02 9.229930e-01  6.028569e-02
171.INTNODE2429 1.119462e-02 9.888054e-01  1.423690e-73
179.INTNODE2429 3.106948e-02 9.689305e-01  4.953088e-65
184.INTNODE2429 4.242892e-02 9.575711e-01  4.051098e-73
186.INTNODE2429 9.051045e-02 9.094895e-01  5.028636e-66
202.INTNODE2429 3.939060e-03 7.362759e-01  2.597850e-01
205.INTNODE2429 9.508759e-03 9.147901e-01  7.570115e-02
289.INTNODE2429 1.052705e-01 8.910797e-01  3.649894e-03
415.INTNODE2429 2.906335e-01 7.093665e-01  7.413741e-73
113.INTNODE2433 5.740952e-03 9.908118e-01  3.447233e-03
292.INTNODE2433 7.063375e-01 2.936625e-01  2.173333e-96
78.INTNODE2434  4.528904e-01 5.471096e-01  4.929403e-97
85.INTNODE2434  4.567375e-01 5.432625e-01  7.049801e-94
169.INTNODE2434 2.673806e-03 9.971800e-01  1.461666e-04
176.INTNODE2434 2.690108e-06 9.999973e-01  2.090992e-67
201.INTNODE2434 8.492725e-02 9.150728e-01  4.390981e-90
238.INTNODE2434 1.042181e-02 8.606595e-01  1.289186e-01
488.INTNODE2434 9.523807e-02 9.047619e-01  1.095645e-92
60.INTNODE2435  8.390871e-02 9.160895e-01  1.786704e-06
171.INTNODE2435 1.139684e-02 9.755240e-01  1.307915e-02
202.INTNODE2435 2.753903e-02 8.179665e-01  1.544945e-01
206.INTNODE2435 3.159358e-02 9.684029e-01  3.480971e-06
232.INTNODE2435 8.817085e-02 9.076081e-01  4.221009e-03
261.INTNODE2435 1.697521e-01 8.302479e-01 6.388594e-115
[1] 0.17963735 0.79750704 0.02285561
[1] "weights"
[1] 0.17963735 0.79750704 0.02285561
[1] "weights"
[1] 0.17963735 0.79750704 0.02285561
[1] "weights"
[1] 0.17963735 0.79750704 0.02285561
[1] "model lnL"
[1] -2818.825
[1] "------------Step 6"
[1] "Running in group mode"
[1] "expon_lambda root  0.00114241322608238"
[1] "staring with p = " "0.2"              
[1] "precision_p  1.18370309110105e-08"
          p_root lambda_weib_root 
    0.8823662741     0.0009701808 
[1] "Running in group mode"
[1] "expon_lambda root  0.00315953778202921"
[1] "staring with p = " "0.2"              
[1] "precision_p  1.70530256582424e-13"
          p_root lambda_weib_root 
     0.666861185      0.002820893 
[1] "Running in group mode"
[1] "expon_lambda root  0.00907232322650159"
[1] "staring with p = " "0.2"              
[1] "precision_p  7.17083292300913e-07"
          p_root lambda_weib_root 
      2.32805626       0.01045605 
                        [,1]         [,2]          [,3]
156.INTNODE1247 1.426165e-02 9.795386e-01  6.199723e-03
240.INTNODE1247 2.126209e-02 9.369570e-01  4.178088e-02
277.INTNODE1249 2.490152e-03 9.960285e-01  1.481304e-03
467.INTNODE1354 7.964775e-04 9.986634e-01  5.401636e-04
7.INTNODE1628   1.560883e-04 9.998437e-01  1.858074e-07
202.INTNODE1911 9.968480e-04 9.990015e-01  1.633026e-06
203.INTNODE2046 3.680922e-03 9.963014e-01  1.763735e-05
202.INTNODE2079 1.349221e-02 9.861181e-01  3.896488e-04
202.INTNODE2080 1.122560e-03 9.988766e-01  7.986386e-07
206.INTNODE2084 1.577930e-01 8.362952e-01  5.911797e-03
52.INTNODE2226  3.308557e-01 6.090504e-01  6.009388e-02
162.INTNODE2226 6.431585e-02 9.327405e-01  2.943661e-03
157.INTNODE2228 4.994462e-02 9.259815e-01  2.407387e-02
290.INTNODE2230 1.536518e-01 8.073497e-01  3.899851e-02
205.INTNODE2233 5.763725e-04 9.821211e-01  1.730257e-02
467.INTNODE2283 2.295573e-02 9.645628e-01  1.248145e-02
99.INTNODE2298  7.115230e-02 9.083855e-01  2.046217e-02
111.INTNODE2298 2.573550e-01 7.337922e-01  8.852829e-03
489.INTNODE2301 4.079964e-01 5.919821e-01  2.145902e-05
3.INTNODE2304   8.049126e-07 9.997101e-01  2.890956e-04
182.INTNODE2305 3.789447e-01 6.210547e-01  5.956445e-07
169.INTNODE2394 2.647512e-13 6.418758e-05  9.999358e-01
199.INTNODE2394 4.085883e-01 5.688721e-01  2.253962e-02
361.INTNODE2395 9.255192e-01 7.448076e-02  4.061356e-10
86.INTNODE2399  8.876754e-01 1.123246e-01  4.548185e-11
289.INTNODE2399 8.970277e-04 9.991030e-01  2.186067e-08
326.INTNODE2400 4.125946e-03 9.958741e-01  1.475968e-09
88.INTNODE2401  5.268174e-01 4.731826e-01  1.884933e-12
97.INTNODE2401  4.544972e-01 5.455028e-01  7.071721e-13
287.INTNODE2401 8.112721e-01 1.887279e-01  5.155871e-16
289.INTNODE2401 9.660447e-03 9.889663e-01  1.373298e-03
16.INTNODE2402  8.918668e-01 1.081332e-01  5.628099e-24
74.INTNODE2402  4.492041e-01 5.507959e-01  5.671567e-22
91.INTNODE2404  2.497302e-01 7.502698e-01  1.777471e-24
155.INTNODE2404 6.985085e-01 3.014915e-01  1.314942e-26
223.INTNODE2404 8.760969e-01 1.239031e-01  1.476453e-27
173.INTNODE2405 4.569060e-01 5.430940e-01  7.787700e-31
12.INTNODE2406  5.752507e-01 4.247493e-01  5.443799e-27
13.INTNODE2406  8.842784e-01 1.157216e-01  3.061809e-29
71.INTNODE2406  7.622008e-01 2.377992e-01  1.305602e-28
142.INTNODE2406 2.526853e-07 9.999997e-01  1.147589e-12
202.INTNODE2406 6.001334e-04 9.993999e-01  1.526898e-10
205.INTNODE2406 1.309722e-03 9.984609e-01  2.293605e-04
206.INTNODE2406 8.494296e-03 9.915057e-01  2.473185e-12
209.INTNODE2406 6.591605e-01 3.408395e-01  4.143730e-26
210.INTNODE2406 4.653577e-01 5.346423e-01  1.547654e-25
418.INTNODE2406 7.442927e-02 9.255707e-01  3.957882e-27
293.INTNODE2415 2.645415e-01 7.354585e-01  8.358383e-39
138.INTNODE2416 7.500929e-02 9.249907e-01  6.038611e-44
240.INTNODE2421 4.383718e-01 5.616282e-01  1.067498e-49
238.INTNODE2422 4.059007e-15 1.000000e+00  3.842678e-28
269.INTNODE2423 5.138951e-01 4.861049e-01  5.161074e-37
311.INTNODE2423 7.569918e-01 2.430082e-01  7.326469e-48
73.INTNODE2425  3.747649e-01 6.252351e-01  5.551283e-54
151.INTNODE2425 1.229602e-02 9.877040e-01  2.579172e-53
207.INTNODE2425 1.669905e-01 8.322311e-01  7.784200e-04
145.INTNODE2426 1.664838e-01 8.335162e-01  5.869175e-52
178.INTNODE2426 4.842295e-02 9.515771e-01  5.752416e-48
88.INTNODE2428  2.225477e-02 9.776957e-01  4.955052e-05
111.INTNODE2428 1.226255e-02 9.877374e-01  1.216608e-17
155.INTNODE2428 5.778037e-02 8.202237e-01  1.219959e-01
470.INTNODE2428 6.771000e-01 3.229000e-01  8.110497e-57
4.INTNODE2429   7.490728e-01 2.509272e-01  1.930804e-75
13.INTNODE2429  2.219588e-02 9.493679e-01  2.843626e-02
90.INTNODE2429  2.387138e-01 7.612862e-01  1.654505e-69
113.INTNODE2429 3.331164e-02 9.666884e-01  2.254370e-63
145.INTNODE2429 2.953253e-02 9.012414e-01  6.922608e-02
171.INTNODE2429 3.076664e-02 9.692334e-01  6.340656e-73
179.INTNODE2429 5.918115e-02 9.408188e-01  1.910748e-64
184.INTNODE2429 9.870591e-02 9.012941e-01  1.796566e-72
186.INTNODE2429 1.187971e-01 8.812029e-01  2.048415e-65
202.INTNODE2429 6.991898e-03 7.094389e-01  2.835692e-01
205.INTNODE2429 1.703110e-02 8.965980e-01  8.637090e-02
289.INTNODE2429 1.454730e-01 8.499527e-01  4.574234e-03
415.INTNODE2429 4.327383e-01 5.672617e-01  2.992990e-72
113.INTNODE2433 1.261020e-02 9.834512e-01  3.938584e-03
292.INTNODE2433 8.115843e-01 1.884157e-01  1.100462e-95
78.INTNODE2434  6.011030e-01 3.988970e-01  2.758458e-96
85.INTNODE2434  5.555320e-01 4.444680e-01  4.170350e-93
169.INTNODE2434 2.989161e-03 9.968400e-01  1.708229e-04
176.INTNODE2434 1.441769e-06 9.999986e-01  5.762633e-67
201.INTNODE2434 1.095123e-01 8.904877e-01  2.662386e-89
238.INTNODE2434 1.748946e-02 8.371398e-01  1.453707e-01
488.INTNODE2434 1.392171e-01 8.607829e-01  6.829766e-92
60.INTNODE2435  1.240741e-01 8.759236e-01  2.357287e-06
171.INTNODE2435 2.245536e-02 9.623921e-01  1.515251e-02
202.INTNODE2435 4.302053e-02 7.805806e-01  1.763988e-01
206.INTNODE2435 4.914948e-02 9.508460e-01  4.514623e-06
232.INTNODE2435 1.213438e-01 8.734104e-01  5.245785e-03
261.INTNODE2435 2.202098e-01 7.797902e-01 5.865089e-114
[1] 0.23818020 0.73729529 0.02452452
[1] "weights"
[1] 0.23818020 0.73729529 0.02452452
[1] "weights"
[1] 0.23818020 0.73729529 0.02452452
[1] "weights"
[1] 0.23818020 0.73729529 0.02452452
[1] "model lnL"
[1] -2814.257
[1] "------------Step 7"
[1] "Running in group mode"
[1] "expon_lambda root  0.00121154724215439"
[1] "staring with p = " "0.2"              
[1] "precision_p  1.31294086713751e-10"
          p_root lambda_weib_root 
    0.7912975035     0.0008917462 
[1] "Running in group mode"
[1] "expon_lambda root  0.00343529126947265"
[1] "staring with p = " "0.2"              
[1] "precision_p  2.38742359215394e-12"
          p_root lambda_weib_root 
     0.667135160      0.003205355 
[1] "Running in group mode"
[1] "expon_lambda root  0.00903749505948274"
[1] "staring with p = " "0.2"              
[1] "precision_p  1.42608957176549e-06"
          p_root lambda_weib_root 
      2.32403860       0.01044977 
                        [,1]         [,2]          [,3]
156.INTNODE1247 2.956875e-02 0.9638459100  6.585339e-03
240.INTNODE1247 3.859296e-02 0.9176552492  4.375179e-02
277.INTNODE1249 6.707940e-03 0.9917728709  1.519189e-03
467.INTNODE1354 2.699497e-03 0.9967499446  5.505584e-04
7.INTNODE1628   9.406791e-04 0.9990591185  2.024147e-07
202.INTNODE1911 4.508190e-03 0.9954899612  1.848675e-06
203.INTNODE2046 1.166936e-02 0.9883111094  1.953149e-05
202.INTNODE2079 3.589458e-02 0.9636617514  4.436720e-04
202.INTNODE2080 5.447703e-03 0.9945513633  9.336404e-07
206.INTNODE2084 3.287342e-01 0.6647147032  6.551114e-03
52.INTNODE2226  5.745328e-01 0.3688238163  5.664339e-02
162.INTNODE2226 2.230975e-01 0.7732061454  3.696378e-03
157.INTNODE2228 1.424731e-01 0.8282575095  2.926943e-02
290.INTNODE2230 3.059604e-01 0.6510462484  4.299339e-02
205.INTNODE2233 2.501814e-03 0.9788246707  1.867351e-02
467.INTNODE2283 4.674479e-02 0.9396952535  1.355995e-02
99.INTNODE2298  1.553388e-01 0.8210029537  2.365826e-02
111.INTNODE2298 4.273736e-01 0.5632736922  9.352742e-03
489.INTNODE2301 6.188041e-01 0.3811742811  2.160257e-05
3.INTNODE2304   6.305909e-06 0.9997420119  2.516822e-04
182.INTNODE2305 6.191956e-01 0.3808038167  5.999446e-07
169.INTNODE2394 2.395838e-12 0.0001218492  9.998782e-01
199.INTNODE2394 5.452042e-01 0.4315404690  2.325537e-02
361.INTNODE2395 9.597702e-01 0.0402298155  4.273510e-10
86.INTNODE2399  9.368467e-01 0.0631532998  4.952437e-11
289.INTNODE2399 3.293025e-03 0.9967069477  2.739151e-08
326.INTNODE2400 1.162271e-02 0.9883772888  2.002658e-09
88.INTNODE2401  6.715942e-01 0.3284058352  2.435998e-12
97.INTNODE2401  6.248291e-01 0.3751709359  9.110659e-13
287.INTNODE2401 9.071439e-01 0.0928561029  5.589018e-16
289.INTNODE2401 2.261889e-02 0.9759055332  1.475581e-03
16.INTNODE2402  9.389515e-01 0.0610485212  9.522798e-24
74.INTNODE2402  6.233858e-01 0.3766142459  1.010295e-21
91.INTNODE2404  3.910799e-01 0.6089200649  4.039333e-24
155.INTNODE2404 8.177534e-01 0.1822465654  2.559947e-26
223.INTNODE2404 9.288403e-01 0.0711597235  2.912591e-27
173.INTNODE2405 7.068833e-01 0.2931167314  1.562797e-30
12.INTNODE2406  7.017847e-01 0.2982153130  1.260140e-26
13.INTNODE2406  9.335289e-01 0.0664711047  6.598782e-29
71.INTNODE2406  8.541472e-01 0.1458528177  2.873190e-28
142.INTNODE2406 4.189296e-07 0.9999995811  1.233790e-12
202.INTNODE2406 2.166122e-03 0.9978338773  1.961567e-10
205.INTNODE2406 1.953505e-03 0.9978032509  2.432443e-04
206.INTNODE2406 1.335383e-02 0.9866461674  3.817378e-12
209.INTNODE2406 7.874946e-01 0.2125054460  8.275659e-26
210.INTNODE2406 6.163753e-01 0.3836246624  3.405272e-25
418.INTNODE2406 1.596430e-01 0.8403569708  1.078807e-26
293.INTNODE2415 3.718926e-01 0.6281074003  4.098392e-38
138.INTNODE2416 1.497279e-01 0.8502720899  3.780062e-43
240.INTNODE2421 6.968154e-01 0.3031845639  5.392190e-49
238.INTNODE2422 2.740782e-14 1.0000000000  4.505170e-28
269.INTNODE2423 6.422052e-01 0.3577947731  2.174457e-36
311.INTNODE2423 8.456138e-01 0.1543862307  4.297383e-47
73.INTNODE2425  6.465881e-01 0.3534119117  3.621555e-53
151.INTNODE2425 5.094034e-02 0.9490596600  2.420206e-52
207.INTNODE2425 2.238172e-01 0.7752644252  9.183819e-04
145.INTNODE2426 2.877790e-01 0.7122210051  5.490479e-51
178.INTNODE2426 5.974819e-02 0.9402518064  5.147220e-47
88.INTNODE2428  4.274060e-02 0.9572009433  5.845582e-05
111.INTNODE2428 1.489099e-02 0.9851090128  2.549599e-17
155.INTNODE2428 8.524616e-02 0.7855790969  1.291747e-01
470.INTNODE2428 7.886429e-01 0.2113570988  7.891573e-56
4.INTNODE2429   8.780268e-01 0.1219731784  3.855476e-74
13.INTNODE2429  3.892051e-02 0.9307841523  3.029534e-02
90.INTNODE2429  4.231283e-01 0.5768717334  3.692266e-68
