[1] "Initial parameters:"
           lambda        p
[1,] 0.0039104268 7.429271
[2,] 0.0001190608 3.893496
[3,] 0.0343905793 5.269452
[1] 0.3333333 0.3333333 0.3333333
[1] "------------Step 1"
[1] "Running in group mode"
[1] "expon_lambda root  0.00246999102259619"
[1] "staring with p = " "0.2"              
[1] "precision_p  6.77269895277277e-07"
          p_root lambda_weib_root 
     0.762722123      0.002175145 
[1] "Running in group mode"
[1] "expon_lambda root  0.0010465329141967"
[1] "staring with p = " "0.2"              
[1] "precision_p  1.14162599373913e-08"
          p_root lambda_weib_root 
     1.643631011      0.001423367 
[1] "Running in group mode"
[1] "expon_lambda root  0.0073538995694426"
[1] "staring with p = " "0.2"              
[1] "precision_p  7.59149997975328e-07"
          p_root lambda_weib_root 
     0.782532271      0.004872323 
                        [,1]          [,2]          [,3]
156.INTNODE1247 9.922056e-01  1.233765e-04  7.671015e-03
240.INTNODE1247 1.291262e-08  3.437123e-14  1.000000e+00
277.INTNODE1249 2.198800e-23  1.892764e-28  1.000000e+00
467.INTNODE1354 1.475433e-26  4.131896e-33  1.000000e+00
7.INTNODE1628   9.029476e-36  9.630272e-35  1.000000e+00
202.INTNODE1911 1.298421e-27  7.515424e-26  1.000000e+00
203.INTNODE2046 6.864956e-19  2.508932e-17  1.000000e+00
202.INTNODE2079 1.530457e-17  5.656336e-18  1.000000e+00
202.INTNODE2080 3.286522e-28  1.856642e-25  1.000000e+00
206.INTNODE2084 1.112606e-16  2.544035e-17  1.000000e+00
52.INTNODE2226  8.375427e-22  1.580841e-25  1.000000e+00
162.INTNODE2226 1.042197e-30  5.914938e-34  1.000000e+00
157.INTNODE2228 1.197869e-20  6.816351e-28  1.000000e+00
290.INTNODE2230 3.058308e-01  1.350935e-07  6.941691e-01
205.INTNODE2233 2.587388e-15  3.182447e-32  1.000000e+00
467.INTNODE2283 6.512659e-15  7.479515e-19  1.000000e+00
99.INTNODE2298  1.000000e+00  2.254340e-12 2.538499e-128
111.INTNODE2298 1.000000e+00  2.053237e-09 6.384236e-159
489.INTNODE2301 1.000000e+00  1.239163e-13  0.000000e+00
3.INTNODE2304   1.000000e+00  1.923925e-42  0.000000e+00
182.INTNODE2305 1.000000e+00  3.513738e-12  0.000000e+00
169.INTNODE2394 1.000000e+00  2.043021e-80  0.000000e+00
199.INTNODE2394 9.999998e-01  1.865866e-07 5.795158e-180
361.INTNODE2395 1.000000e+00  4.427810e-08  0.000000e+00
86.INTNODE2399  1.000000e+00  1.564935e-08  0.000000e+00
289.INTNODE2399 1.000000e+00  6.443304e-31  0.000000e+00
326.INTNODE2400 1.000000e+00  4.169681e-30  0.000000e+00
88.INTNODE2401  1.000000e+00  2.436939e-18  0.000000e+00
97.INTNODE2401  1.000000e+00  3.239288e-17  0.000000e+00
287.INTNODE2401 9.999988e-01  1.162835e-06  0.000000e+00
289.INTNODE2401 1.680539e-16  8.125914e-19  1.000000e+00
16.INTNODE2402  1.000000e+00  3.365866e-10  0.000000e+00
74.INTNODE2402  1.000000e+00  5.766452e-18  0.000000e+00
91.INTNODE2404  1.000000e+00  2.104358e-23  0.000000e+00
155.INTNODE2404 1.000000e+00  1.946175e-14  0.000000e+00
223.INTNODE2404 1.000000e+00  1.313157e-10  0.000000e+00
173.INTNODE2405 1.000000e+00  1.993257e-09  0.000000e+00
12.INTNODE2406  1.000000e+00  2.168325e-20  0.000000e+00
13.INTNODE2406  1.000000e+00  1.105435e-10  0.000000e+00
71.INTNODE2406  1.000000e+00  2.652553e-15  0.000000e+00
142.INTNODE2406 1.000000e+00  2.444805e-92  0.000000e+00
202.INTNODE2406 1.000000e+00  1.098614e-21  0.000000e+00
205.INTNODE2406 1.000000e+00  2.527926e-42  0.000000e+00
206.INTNODE2406 1.000000e+00  4.207367e-38  0.000000e+00
209.INTNODE2406 1.000000e+00  2.513975e-14  0.000000e+00
210.INTNODE2406 1.000000e+00  2.315463e-19  0.000000e+00
418.INTNODE2406 1.000000e+00  2.518997e-25  0.000000e+00
293.INTNODE2415 1.000000e+00  1.360259e-25  0.000000e+00
138.INTNODE2416 1.000000e+00  1.133209e-26  0.000000e+00
240.INTNODE2421 1.000000e+00  2.826529e-09  0.000000e+00
238.INTNODE2422 1.000000e+00 1.454342e-136  0.000000e+00
269.INTNODE2423 1.000000e+00  2.887324e-15  0.000000e+00
311.INTNODE2423 1.000000e+00  5.673474e-16  0.000000e+00
73.INTNODE2425  1.000000e+00  1.327601e-08  0.000000e+00
151.INTNODE2425 1.000000e+00  1.879565e-17  0.000000e+00
207.INTNODE2425 1.000000e+00  2.741343e-10  0.000000e+00
145.INTNODE2426 1.000000e+00  2.279613e-22  0.000000e+00
178.INTNODE2426 1.000000e+00  3.142084e-42  0.000000e+00
88.INTNODE2428  1.000000e+00  1.062314e-10  0.000000e+00
111.INTNODE2428 1.000000e+00  1.410051e-36  0.000000e+00
155.INTNODE2428 1.000000e+00  6.007893e-09 2.724336e-311
470.INTNODE2428 1.000000e+00  6.090144e-15  0.000000e+00
4.INTNODE2429   9.987054e-01  1.294625e-03  0.000000e+00
13.INTNODE2429  1.000000e+00  1.302005e-11  0.000000e+00
90.INTNODE2429  1.000000e+00  6.337568e-13  0.000000e+00
113.INTNODE2429 1.000000e+00  1.653480e-45  0.000000e+00
145.INTNODE2429 9.999995e-01  4.837897e-07  1.126670e-31
171.INTNODE2429 1.000000e+00  1.712732e-18  0.000000e+00
179.INTNODE2429 1.000000e+00  1.302277e-23  0.000000e+00
184.INTNODE2429 1.000000e+00  1.718653e-15  0.000000e+00
186.INTNODE2429 1.000000e+00  3.781323e-34  0.000000e+00
202.INTNODE2429 1.000000e+00  1.366703e-16  0.000000e+00
205.INTNODE2429 1.000000e+00  7.897371e-12  0.000000e+00
289.INTNODE2429 1.000000e+00  1.269533e-10  0.000000e+00
415.INTNODE2429 1.000000e+00  6.815014e-15  0.000000e+00
113.INTNODE2433 1.225337e-14  6.079110e-18  1.000000e+00
292.INTNODE2433 9.789028e-06  9.999902e-01  0.000000e+00
78.INTNODE2434  2.149225e-03  9.978508e-01  0.000000e+00
85.INTNODE2434  9.999976e-01  2.363322e-06  0.000000e+00
169.INTNODE2434 1.000000e+00  8.420034e-44  0.000000e+00
176.INTNODE2434 1.000000e+00 5.162931e-113  0.000000e+00
201.INTNODE2434 1.000000e+00  3.994998e-22  0.000000e+00
238.INTNODE2434 1.000000e+00  1.079786e-12  0.000000e+00
488.INTNODE2434 1.000000e+00  7.353748e-15  0.000000e+00
60.INTNODE2435  1.000000e+00  8.451923e-10  0.000000e+00
171.INTNODE2435 9.999856e-01  1.437310e-05  1.332557e-38
202.INTNODE2435 1.000000e+00  1.491454e-08 1.722551e-133
206.INTNODE2435 1.000000e+00  2.597879e-14  0.000000e+00
232.INTNODE2435 1.000000e+00  8.772914e-11  0.000000e+00
261.INTNODE2435 6.023953e-12  1.000000e+00  0.000000e+00
[1] 0.78109869 0.03332531 0.18557600
[1] "weights"
[1] 0.78109869 0.03332531 0.18557600
[1] "weights"
[1] 0.78109869 0.03332531 0.18557600
[1] "weights"
[1] 0.78109869 0.03332531 0.18557600
[1] "model lnL"
[1] -2809.667
[1] "------------Step 2"
[1] "Running in group mode"
[1] "expon_lambda root  0.00196490291371206"
[1] "staring with p = " "0.2"              
[1] "precision_p  1.34718902700115e-11"
          p_root lambda_weib_root 
     0.652235248      0.001376576 
[1] "Running in group mode"
[1] "expon_lambda root  0.000887055140270945"
[1] "staring with p = " "0.2"              
[1] "precision_p  1.24281029911799e-10"
          p_root lambda_weib_root 
     1.471949410      0.001435392 
[1] "Running in group mode"
[1] "expon_lambda root  0.00744474499805454"
[1] "staring with p = " "0.2"              
[1] "precision_p  1.47508671943797e-11"
          p_root lambda_weib_root 
     0.808783279      0.008239229 
                        [,1]         [,2]         [,3]
156.INTNODE1247 6.143374e-01 1.069135e-04 0.3855556620
240.INTNODE1247 6.229351e-01 3.034216e-04 0.3767614356
277.INTNODE1249 4.520073e-01 2.607750e-06 0.5479900645
467.INTNODE1354 3.971731e-01 1.510921e-07 0.6028267079
7.INTNODE1628   3.905690e-01 1.738946e-09 0.6094310183
202.INTNODE1911 5.399787e-01 8.927679e-08 0.4600211786
203.INTNODE2046 5.930675e-01 3.756596e-06 0.4069287565
202.INTNODE2079 6.998770e-01 2.647615e-05 0.3000965645
202.INTNODE2080 5.993384e-01 7.462173e-08 0.4006614984
206.INTNODE2084 9.204316e-01 2.970751e-04 0.0792712951
52.INTNODE2226  9.703710e-01 2.497837e-04 0.0293792076
162.INTNODE2226 9.490779e-01 3.367658e-06 0.0509187101
157.INTNODE2228 9.298809e-01 1.870231e-05 0.0701004136
290.INTNODE2230 9.514015e-01 4.610769e-04 0.0481373794
205.INTNODE2233 6.112191e-01 1.180136e-08 0.3887808466
467.INTNODE2283 6.824801e-01 1.777250e-04 0.3173422236
99.INTNODE2298  9.331237e-01 1.963135e-04 0.0666800294
111.INTNODE2298 9.663434e-01 2.468318e-03 0.0311882952
489.INTNODE2301 9.870641e-01 2.960497e-03 0.0099753574
3.INTNODE2304   1.310928e-01 1.608785e-14 0.8689071902
182.INTNODE2305 9.903993e-01 1.529418e-03 0.0080713203
169.INTNODE2394 2.206374e-03 6.528581e-19 0.9977936255
199.INTNODE2394 9.447274e-01 1.872748e-02 0.0365451323
361.INTNODE2395 6.618453e-01 3.369734e-01 0.0011813417
86.INTNODE2399  7.091770e-01 2.890086e-01 0.0018144031
289.INTNODE2399 8.067029e-01 6.435088e-08 0.1932970425
326.INTNODE2400 8.743591e-01 1.971720e-06 0.1256389004
88.INTNODE2401  9.591358e-01 3.332303e-02 0.0075411789
97.INTNODE2401  9.751241e-01 1.695741e-02 0.0079184989
287.INTNODE2401 8.859878e-01 1.121005e-01 0.0019116762
289.INTNODE2401 6.026198e-01 3.943363e-05 0.3973407587
16.INTNODE2402  5.235617e-01 4.755745e-01 0.0008637586
74.INTNODE2402  9.709276e-01 2.291113e-02 0.0061613123
91.INTNODE2404  9.799637e-01 8.712373e-03 0.0113239137
155.INTNODE2404 8.646914e-01 1.324416e-01 0.0028670033
223.INTNODE2404 5.179505e-01 4.811259e-01 0.0009235749
173.INTNODE2405 9.881775e-01 9.020241e-03 0.0028022593
12.INTNODE2406  9.108538e-01 8.390953e-02 0.0052366391
13.INTNODE2406  5.035576e-01 4.955637e-01 0.0008787116
71.INTNODE2406  7.813092e-01 2.163758e-01 0.0023149841
142.INTNODE2406 7.770145e-03 1.027140e-13 0.9922298552
202.INTNODE2406 6.287389e-01 7.361526e-08 0.3712609795
205.INTNODE2406 3.437968e-01 2.299325e-06 0.6562009503
206.INTNODE2406 7.529746e-01 6.053911e-05 0.2469648533
209.INTNODE2406 8.931652e-01 1.029324e-01 0.0039023810
210.INTNODE2406 9.542812e-01 3.849381e-02 0.0072249561
418.INTNODE2406 9.809839e-01 5.174848e-04 0.0184985861
293.INTNODE2415 9.637207e-01 2.170573e-02 0.0145736188
138.INTNODE2416 9.804864e-01 1.059722e-03 0.0184538704
240.INTNODE2421 9.880993e-01 9.513821e-03 0.0023869217
238.INTNODE2422 1.490957e-06 9.498369e-31 0.9999985090
269.INTNODE2423 8.953919e-01 9.582742e-02 0.0087806477
311.INTNODE2423 6.912915e-01 3.068380e-01 0.0018704968
73.INTNODE2425  9.906554e-01 6.819092e-03 0.0025255203
151.INTNODE2425 9.848530e-01 6.944437e-06 0.0151400854
207.INTNODE2425 8.474143e-01 1.516261e-02 0.1374230528
145.INTNODE2426 9.819016e-01 6.034219e-03 0.0120641977
178.INTNODE2426 9.306366e-01 3.738172e-03 0.0656252520
88.INTNODE2428  7.331522e-01 2.315963e-04 0.2666162224
111.INTNODE2428 6.357234e-01 3.715900e-04 0.3639050214
155.INTNODE2428 7.364690e-01 2.905757e-03 0.2606252016
470.INTNODE2428 7.565635e-01 2.409129e-01 0.0025236206
4.INTNODE2429   8.296824e-01 1.692918e-01 0.0010257750
13.INTNODE2429  6.727810e-01 2.944111e-04 0.3269246365
90.INTNODE2429  9.851059e-01 8.526676e-03 0.0063674227
113.INTNODE2429 9.008968e-01 3.695834e-03 0.0954073188
145.INTNODE2429 6.640724e-01 6.056099e-04 0.3353219845
171.INTNODE2429 9.858126e-01 1.180594e-04 0.0140693794
179.INTNODE2429 9.722810e-01 1.300218e-03 0.0264187340
184.INTNODE2429 9.906065e-01 1.085254e-03 0.0083082897
186.INTNODE2429 9.535782e-01 1.598477e-02 0.0304370460
202.INTNODE2429 5.218584e-01 7.297760e-05 0.4780686177
205.INTNODE2429 6.118757e-01 2.335626e-04 0.3878907861
289.INTNODE2429 8.240006e-01 1.469703e-02 0.1613023267
415.INTNODE2429 9.503538e-01 4.572777e-02 0.0039183881
113.INTNODE2433 6.126225e-01 7.499481e-05 0.3873025466
292.INTNODE2433 5.862473e-01 4.130150e-01 0.0007376632
78.INTNODE2434  8.617253e-01 1.359792e-01 0.0022955205
85.INTNODE2434  7.791656e-01 2.170040e-01 0.0038303214
169.INTNODE2434 1.764351e-01 3.920925e-05 0.8235256966
176.INTNODE2434 1.093229e-03 1.612569e-10 0.9989067709
201.INTNODE2434 9.501537e-01 1.796115e-02 0.0318851244
238.INTNODE2434 5.880569e-01 3.339572e-04 0.4116091117
488.INTNODE2434 9.656483e-01 1.488929e-02 0.0194624492
60.INTNODE2435  8.390623e-01 9.297699e-03 0.1516400279
171.INTNODE2435 6.630088e-01 2.534077e-04 0.3367378381
202.INTNODE2435 6.996855e-01 1.837998e-03 0.2984764891
206.INTNODE2435 7.424572e-01 1.936250e-03 0.2556065124
232.INTNODE2435 7.877552e-01 1.186846e-02 0.2003763694
261.INTNODE2435 9.387874e-01 4.636526e-02 0.0148473654
[1] 0.74586587 0.05252441 0.20160972
[1] "weights"
[1] 0.74586587 0.05252441 0.20160972
[1] "weights"
[1] 0.74586587 0.05252441 0.20160972
[1] "weights"
[1] 0.74586587 0.05252441 0.20160972
[1] "model lnL"
[1] -2779.235
[1] "------------Step 3"
[1] "Running in group mode"
[1] "expon_lambda root  0.00186665090361314"
[1] "staring with p = " "0.2"              
[1] "precision_p  1.27897692436818e-11"
          p_root lambda_weib_root 
     0.668076843      0.001309242 
[1] "Running in group mode"
[1] "expon_lambda root  0.00107215480992031"
[1] "staring with p = " "0.2"              
[1] "precision_p  6.48370246381091e-12"
          p_root lambda_weib_root 
     1.501455576      0.001675907 
[1] "Running in group mode"
[1] "expon_lambda root  0.00832337455694089"
[1] "staring with p = " "0.2"              
[1] "precision_p  7.64543983677868e-12"
          p_root lambda_weib_root 
      0.80185703       0.00941762 
                        [,1]         [,2]         [,3]
156.INTNODE1247 4.043694e-01 4.052610e-04 5.952254e-01
240.INTNODE1247 3.931350e-01 1.024880e-03 6.058401e-01
277.INTNODE1249 1.735571e-01 1.151380e-05 8.264314e-01
467.INTNODE1354 1.416637e-01 1.130029e-06 8.583352e-01
7.INTNODE1628   1.957355e-01 2.751034e-08 8.042644e-01
202.INTNODE1911 3.948470e-01 1.056059e-06 6.051520e-01
203.INTNODE2046 4.525573e-01 2.126063e-05 5.474214e-01
202.INTNODE2079 6.320203e-01 1.700752e-04 3.678096e-01
202.INTNODE2080 5.389887e-01 1.104593e-06 4.610102e-01
206.INTNODE2084 9.742965e-01 2.187241e-03 2.351625e-02
52.INTNODE2226  9.949214e-01 2.693881e-03 2.384760e-03
162.INTNODE2226 9.943658e-01 7.718089e-05 5.556995e-03
157.INTNODE2228 9.898211e-01 2.717326e-04 9.907158e-03
290.INTNODE2230 9.921409e-01 3.041953e-03 4.817106e-03
205.INTNODE2233 6.372013e-01 8.480426e-07 3.627979e-01
467.INTNODE2283 5.513792e-01 8.235933e-04 4.477972e-01
99.INTNODE2298  9.903239e-01 1.682168e-03 7.993915e-03
111.INTNODE2298 9.877415e-01 1.067351e-02 1.584940e-03
489.INTNODE2301 9.873817e-01 1.253359e-02 8.474233e-05
3.INTNODE2304   3.469707e-02 8.004522e-12 9.653029e-01
182.INTNODE2305 9.934238e-01 6.529698e-03 4.649627e-05
169.INTNODE2394 3.158768e-06 4.980508e-17 9.999968e-01
199.INTNODE2394 9.447202e-01 5.212078e-02 3.158972e-03
361.INTNODE2395 6.727295e-01 3.272691e-01 1.387220e-06
86.INTNODE2399  7.192833e-01 2.807135e-01 3.202046e-06
289.INTNODE2399 9.644901e-01 4.695361e-06 3.550518e-02
326.INTNODE2400 9.850994e-01 6.532052e-05 1.483525e-02
88.INTNODE2401  9.272127e-01 7.274873e-02 3.856765e-05
97.INTNODE2401  9.599838e-01 3.997647e-02 3.976373e-05
287.INTNODE2401 9.019665e-01 9.803155e-02 1.942516e-06
289.INTNODE2401 4.016623e-01 1.657879e-04 5.981719e-01
16.INTNODE2402  6.543403e-01 3.456589e-01 7.687706e-07
74.INTNODE2402  9.584872e-01 4.149419e-02 1.856368e-05
91.INTNODE2404  9.757308e-01 2.420353e-02 6.564676e-05
155.INTNODE2404 8.718918e-01 1.281041e-01 4.119761e-06
223.INTNODE2404 6.630174e-01 3.369817e-01 8.779102e-07
173.INTNODE2405 9.897240e-01 1.027376e-02 2.244902e-06
12.INTNODE2406  8.767985e-01 1.231867e-01 1.483515e-05
13.INTNODE2406  6.472268e-01 3.527724e-01 8.397699e-07
71.INTNODE2406  7.995833e-01 2.004136e-01 3.121313e-06
142.INTNODE2406 3.287851e-05 3.378491e-12 9.999671e-01
202.INTNODE2406 7.287582e-01 3.221416e-06 2.712386e-01
205.INTNODE2406 9.046556e-02 3.859988e-05 9.094958e-01
206.INTNODE2406 8.603974e-01 1.650063e-03 1.379526e-01
209.INTNODE2406 8.874275e-01 1.125640e-01 8.529721e-06
210.INTNODE2406 9.331920e-01 6.677886e-02 2.909245e-05
418.INTNODE2406 9.971326e-01 2.712865e-03 1.545026e-04
293.INTNODE2415 9.465907e-01 5.328247e-02 1.268819e-04
138.INTNODE2416 9.955025e-01 4.358591e-03 1.389421e-04
240.INTNODE2421 9.909429e-01 9.055743e-03 1.329429e-06
238.INTNODE2422 1.891766e-12 2.933649e-29 1.000000e+00
269.INTNODE2423 8.836882e-01 1.162536e-01 5.820352e-05
311.INTNODE2423 7.602808e-01 2.397172e-01 2.086099e-06
73.INTNODE2425  9.936826e-01 6.316011e-03 1.365212e-06
151.INTNODE2425 9.999163e-01 3.890175e-05 4.484715e-05
207.INTNODE2425 8.735445e-01 4.736145e-02 7.909402e-02
145.INTNODE2426 9.860005e-01 1.394090e-02 5.862012e-05
178.INTNODE2426 9.649184e-01 3.155756e-02 3.524005e-03
88.INTNODE2428  7.271769e-01 1.436045e-03 2.713871e-01
111.INTNODE2428 5.572169e-01 5.238688e-03 4.375444e-01
155.INTNODE2428 6.490210e-01 1.040548e-02 3.405735e-01
470.INTNODE2428 8.188686e-01 1.811281e-01 3.288795e-06
4.INTNODE2429   9.246356e-01 7.536409e-02 2.904380e-07
13.INTNODE2429  5.441601e-01 1.621491e-03 4.542184e-01
90.INTNODE2429  9.884767e-01 1.151129e-02 1.204068e-05
113.INTNODE2429 9.491194e-01 4.254140e-02 8.339176e-03
145.INTNODE2429 4.813064e-01 2.174652e-03 5.165189e-01
171.INTNODE2429 9.995020e-01 4.529326e-04 4.506635e-05
179.INTNODE2429 9.944246e-01 5.253204e-03 3.221605e-04
184.INTNODE2429 9.976282e-01 2.355174e-03 1.667071e-05
186.INTNODE2429 9.326513e-01 6.679724e-02 5.514500e-04
202.INTNODE2429 2.301399e-01 3.671187e-04 7.694929e-01
205.INTNODE2429 3.854768e-01 1.075465e-03 6.134478e-01
289.INTNODE2429 8.367253e-01 4.593501e-02 1.173397e-01
415.INTNODE2429 9.524452e-01 4.755031e-02 4.533969e-06
113.INTNODE2433 4.080749e-01 2.984115e-04 5.916267e-01
292.INTNODE2433 8.079664e-01 1.920333e-01 2.827606e-07
78.INTNODE2434  9.131510e-01 8.684739e-02 1.653523e-06
85.INTNODE2434  8.026508e-01 1.973425e-01 6.785698e-06
169.INTNODE2434 6.961714e-03 6.670105e-05 9.929716e-01
176.INTNODE2434 1.436786e-07 1.967948e-10 9.999999e-01
201.INTNODE2434 9.301650e-01 6.925747e-02 5.775110e-04
238.INTNODE2434 3.186953e-01 1.310330e-03 6.799944e-01
488.INTNODE2434 9.600713e-01 3.975586e-02 1.728629e-04
60.INTNODE2435  8.783604e-01 2.944385e-02 9.219574e-02
171.INTNODE2435 5.040484e-01 1.021913e-03 4.949297e-01
202.INTNODE2435 5.500154e-01 6.396896e-03 4.435877e-01
206.INTNODE2435 7.022064e-01 9.400442e-03 2.883932e-01
232.INTNODE2435 7.603062e-01 3.807867e-02 2.016152e-01
261.INTNODE2435 8.998181e-01 1.000843e-01 9.763988e-05
[1] 0.71858288 0.04949458 0.23192254
[1] "weights"
[1] 0.71858288 0.04949458 0.23192254
[1] "weights"
[1] 0.71858288 0.04949458 0.23192254
[1] "weights"
[1] 0.71858288 0.04949458 0.23192254
[1] "model lnL"
[1] -2776.826
[1] "------------Step 4"
[1] "Running in group mode"
[1] "expon_lambda root  0.00182939423029436"
[1] "staring with p = " "0.2"              
[1] "precision_p  5.00222085975111e-12"
          p_root lambda_weib_root 
     0.682113341      0.001298496 
[1] "Running in group mode"
[1] "expon_lambda root  0.00123436665522007"
[1] "staring with p = " "0.2"              
[1] "precision_p  3.27382565501466e-12"
          p_root lambda_weib_root 
     1.570266984      0.001900418 
[1] "Running in group mode"
[1] "expon_lambda root  0.00852484702213522"
[1] "staring with p = " "0.2"              
[1] "precision_p  2.8421709430404e-14"
          p_root lambda_weib_root 
     0.789458591      0.009752528 
                        [,1]         [,2]         [,3]
156.INTNODE1247 3.046475e-01 4.446453e-04 6.949079e-01
240.INTNODE1247 3.059888e-01 1.172671e-03 6.928386e-01
277.INTNODE1249 9.758853e-02 1.164641e-05 9.023998e-01
467.INTNODE1354 7.702471e-02 1.312435e-06 9.229740e-01
7.INTNODE1628   9.677052e-02 2.707951e-08 9.032294e-01
202.INTNODE1911 2.638970e-01 1.141382e-06 7.361019e-01
203.INTNODE2046 3.141602e-01 2.078196e-05 6.858190e-01
202.INTNODE2079 5.638204e-01 2.034379e-04 4.359761e-01
202.INTNODE2080 4.148602e-01 1.334017e-06 5.851384e-01
206.INTNODE2084 9.840349e-01 2.459335e-03 1.350573e-02
52.INTNODE2226  9.961011e-01 3.184576e-03 7.143548e-04
162.INTNODE2226 9.978005e-01 1.106918e-04 2.088840e-03
157.INTNODE2228 9.949568e-01 4.375413e-04 4.605662e-03
290.INTNODE2230 9.938152e-01 4.102293e-03 2.082525e-03
205.INTNODE2233 6.523888e-01 2.834904e-06 3.476084e-01
467.INTNODE2283 4.816701e-01 1.013532e-03 5.173164e-01
99.INTNODE2298  9.934350e-01 2.826702e-03 3.738295e-03
111.INTNODE2298 9.853693e-01 1.405603e-02 5.746624e-04
489.INTNODE2301 9.827434e-01 1.723958e-02 1.703690e-05
3.INTNODE2304   2.636722e-02 7.838768e-11 9.736328e-01
182.INTNODE2305 9.913577e-01 8.633538e-03 8.808657e-06
169.INTNODE2394 1.021814e-06 1.103234e-15 9.999990e-01
199.INTNODE2394 9.394479e-01 5.923154e-02 1.320566e-03
361.INTNODE2395 7.115150e-01 2.884848e-01 1.777901e-07
86.INTNODE2399  7.489774e-01 2.510221e-01 4.809882e-07
289.INTNODE2399 9.812659e-01 1.998045e-05 1.871408e-02
326.INTNODE2400 9.930684e-01 2.238943e-04 6.707714e-03
88.INTNODE2401  9.054224e-01 9.457041e-02 7.155667e-06
97.INTNODE2401  9.477423e-01 5.224999e-02 7.733746e-06
287.INTNODE2401 9.188525e-01 8.114722e-02 2.921293e-07
289.INTNODE2401 2.918026e-01 1.739527e-04 7.080235e-01
16.INTNODE2402  7.120029e-01 2.879970e-01 1.099056e-07
74.INTNODE2402  9.497165e-01 5.028008e-02 3.449572e-06
91.INTNODE2404  9.637434e-01 3.624261e-02 1.402776e-05
155.INTNODE2404 8.775605e-01 1.224388e-01 6.710577e-07
223.INTNODE2404 7.225243e-01 2.774755e-01 1.323837e-07
173.INTNODE2405 9.908776e-01 9.122037e-03 3.778533e-07
12.INTNODE2406  8.572951e-01 1.427023e-01 2.542329e-06
13.INTNODE2406  7.116041e-01 2.883958e-01 1.254898e-07
71.INTNODE2406  8.111642e-01 1.888353e-01 4.787515e-07
142.INTNODE2406 1.830919e-05 9.440583e-11 9.999817e-01
202.INTNODE2406 7.326199e-01 1.022723e-05 2.673698e-01
205.INTNODE2406 8.977183e-02 2.084042e-04 9.100198e-01
206.INTNODE2406 9.111537e-01 6.494847e-03 8.235144e-02
209.INTNODE2406 8.902415e-01 1.097570e-01 1.526800e-06
210.INTNODE2406 9.197543e-01 8.024005e-02 5.696195e-06
418.INTNODE2406 9.950337e-01 4.928001e-03 3.832406e-05
293.INTNODE2415 9.249566e-01 7.501379e-02 2.962000e-05
138.INTNODE2416 9.926943e-01 7.270196e-03 3.553252e-05
240.INTNODE2421 9.929005e-01 7.099262e-03 2.189932e-07
238.INTNODE2422 9.642704e-14 1.523941e-27 1.000000e+00
269.INTNODE2423 8.842572e-01 1.157282e-01 1.452000e-05
311.INTNODE2423 7.922006e-01 2.077990e-01 3.303234e-07
73.INTNODE2425  9.951228e-01 4.877008e-03 2.369864e-07
151.INTNODE2425 9.999293e-01 5.797513e-05 1.273693e-05
207.INTNODE2425 8.754457e-01 6.227085e-02 6.228348e-02
145.INTNODE2426 9.817945e-01 1.819146e-02 1.404675e-05
178.INTNODE2426 9.174151e-01 8.153706e-02 1.047824e-03
88.INTNODE2428  7.107641e-01 2.297517e-03 2.869384e-01
111.INTNODE2428 6.112726e-01 1.877852e-02 3.699488e-01
155.INTNODE2428 6.220751e-01 1.420235e-02 3.637225e-01
470.INTNODE2428 8.476282e-01 1.523712e-01 5.839307e-07
4.INTNODE2429   9.564297e-01 4.357027e-02 4.229393e-08
13.INTNODE2429  5.027364e-01 2.571695e-03 4.946919e-01
90.INTNODE2429  9.891062e-01 1.089114e-02 2.649905e-06
113.INTNODE2429 8.742257e-01 1.232777e-01 2.496646e-03
145.INTNODE2429 4.094103e-01 2.688197e-03 5.879015e-01
171.INTNODE2429 9.993613e-01 6.269152e-04 1.182872e-05
179.INTNODE2429 9.916190e-01 8.284089e-03 9.693816e-05
184.INTNODE2429 9.973545e-01 2.641650e-03 3.804850e-06
186.INTNODE2429 8.771614e-01 1.227040e-01 1.345985e-04
202.INTNODE2429 1.807589e-01 6.284928e-04 8.186127e-01
205.INTNODE2429 3.235750e-01 1.594035e-03 6.748309e-01
289.INTNODE2429 8.379358e-01 6.195889e-02 1.001053e-01
415.INTNODE2429 9.567784e-01 4.322084e-02 8.028754e-07
113.INTNODE2433 3.053407e-01 3.238370e-04 6.943355e-01
292.INTNODE2433 8.903826e-01 1.096174e-01 4.346587e-08
78.INTNODE2434  9.410853e-01 5.891446e-02 2.880797e-07
85.INTNODE2434  8.262937e-01 1.737050e-01 1.269614e-06
169.INTNODE2434 4.744890e-03 2.343644e-04 9.950207e-01
176.INTNODE2434 6.962484e-08 8.386374e-09 9.999999e-01
201.INTNODE2434 8.835787e-01 1.162727e-01 1.486208e-04
238.INTNODE2434 2.581905e-01 1.900611e-03 7.399089e-01
488.INTNODE2434 9.457967e-01 5.415929e-02 4.403565e-05
60.INTNODE2435  8.827958e-01 3.858647e-02 7.861775e-02
171.INTNODE2435 4.239659e-01 1.235118e-03 5.747990e-01
202.INTNODE2435 5.022211e-01 8.441549e-03 4.893374e-01
206.INTNODE2435 6.994482e-01 1.539666e-02 2.851552e-01
232.INTNODE2435 7.577378e-01 5.235784e-02 1.899044e-01
261.INTNODE2435 8.779054e-01 1.220727e-01 2.188919e-05
[1] 0.70373746 0.04926162 0.24700092
[1] "weights"
[1] 0.70373746 0.04926162 0.24700092
[1] "weights"
[1] 0.70373746 0.04926162 0.24700092
[1] "weights"
[1] 0.70373746 0.04926162 0.24700092
[1] "model lnL"
[1] -2776.297
[1] "------------Step 5"
[1] "Running in group mode"
[1] "expon_lambda root  0.00180684617337369"
[1] "staring with p = " "0.2"              
[1] "precision_p  8.5265128291212e-13"
          p_root lambda_weib_root 
     0.685801888      0.001282539 
[1] "Running in group mode"
[1] "expon_lambda root  0.00136615124630183"
[1] "staring with p = " "0.2"              
[1] "precision_p  6.77857769915136e-12"
          p_root lambda_weib_root 
      1.64532733       0.00209034 
[1] "Running in group mode"
[1] "expon_lambda root  0.00856404248960363"
[1] "staring with p = " "0.2"              
[1] "precision_p  2.8421709430404e-14"
          p_root lambda_weib_root 
     0.785062890      0.009820747 
                        [,1]         [,2]         [,3]
156.INTNODE1247 2.658529e-01 4.163851e-04 7.337307e-01
240.INTNODE1247 2.749958e-01 1.197714e-03 7.238065e-01
277.INTNODE1249 7.518804e-02 9.703656e-06 9.248023e-01
467.INTNODE1354 5.802509e-02 1.070600e-06 9.419738e-01
7.INTNODE1628   6.600319e-02 1.515587e-08 9.339968e-01
202.INTNODE1911 2.084698e-01 7.442114e-07 7.915295e-01
203.INTNODE2046 2.519880e-01 1.481058e-05 7.479972e-01
202.INTNODE2079 5.302546e-01 1.761940e-04 4.695693e-01
202.INTNODE2080 3.493401e-01 8.866301e-07 6.506590e-01
206.INTNODE2084 9.874027e-01 2.086585e-03 1.051071e-02
52.INTNODE2226  9.968767e-01 2.700291e-03 4.230482e-04
162.INTNODE2226 9.985181e-01 8.901394e-05 1.392886e-03
157.INTNODE2228 9.960152e-01 4.286152e-04 3.556171e-03
290.INTNODE2230 9.942969e-01 4.103578e-03 1.599496e-03
205.INTNODE2233 6.439155e-01 3.552822e-06 3.560809e-01
467.INTNODE2283 4.524772e-01 1.006745e-03 5.465161e-01
99.INTNODE2298  9.936530e-01 3.265996e-03 3.080996e-03
111.INTNODE2298 9.845358e-01 1.502701e-02 4.372381e-04
489.INTNODE2301 9.811246e-01 1.886406e-02 1.129571e-05
3.INTNODE2304   2.110209e-02 1.350171e-10 9.788979e-01
182.INTNODE2305 9.911747e-01 8.819443e-03 5.874585e-06
169.INTNODE2394 7.297682e-07 5.013561e-15 9.999993e-01
199.INTNODE2394 9.363498e-01 6.263434e-02 1.015895e-03
361.INTNODE2395 7.270955e-01 2.729044e-01 1.084133e-07
86.INTNODE2399  7.594306e-01 2.405691e-01 3.129566e-07
289.INTNODE2399 9.818260e-01 3.286504e-05 1.814109e-02
326.INTNODE2400 9.934470e-01 3.664302e-04 6.186531e-03
88.INTNODE2401  8.882615e-01 1.117335e-01 5.008827e-06
97.INTNODE2401  9.399249e-01 6.006952e-02 5.606454e-06
287.INTNODE2401 9.299584e-01 7.004141e-02 2.081552e-07
289.INTNODE2401 2.481564e-01 1.503188e-04 7.516933e-01
16.INTNODE2402  7.357899e-01 2.642100e-01 7.991006e-08
74.INTNODE2402  9.452427e-01 5.475464e-02 2.653523e-06
91.INTNODE2404  9.553533e-01 4.463547e-02 1.127894e-05
155.INTNODE2404 8.807383e-01 1.192612e-01 5.137599e-07
223.INTNODE2404 7.478701e-01 2.521298e-01 1.002022e-07
173.INTNODE2405 9.927358e-01 7.263886e-03 3.131630e-07
12.INTNODE2406  8.415317e-01 1.584664e-01 1.887309e-06
13.INTNODE2406  7.403540e-01 2.596459e-01 9.437149e-08
71.INTNODE2406  8.148766e-01 1.851230e-01 3.559111e-07
142.INTNODE2406 1.483853e-05 6.294116e-10 9.999852e-01
202.INTNODE2406 6.984487e-01 1.329277e-05 3.015380e-01
205.INTNODE2406 8.875171e-02 5.362746e-04 9.107120e-01
206.INTNODE2406 9.103671e-01 1.369495e-02 7.593792e-02
209.INTNODE2406 8.925432e-01 1.074556e-01 1.173851e-06
210.INTNODE2406 9.112003e-01 8.879530e-02 4.410441e-06
418.INTNODE2406 9.938083e-01 6.158653e-03 3.309348e-05
293.INTNODE2415 9.096436e-01 9.033179e-02 2.457862e-05
138.INTNODE2416 9.913700e-01 8.597310e-03 3.273205e-05
240.INTNODE2421 9.950193e-01 4.980539e-03 1.919674e-07
238.INTNODE2422 3.360268e-14 1.139747e-26 1.000000e+00
269.INTNODE2423 8.859825e-01 1.140052e-01 1.229575e-05
311.INTNODE2423 8.108738e-01 1.891260e-01 2.675127e-07
73.INTNODE2425  9.966895e-01 3.310306e-03 2.168688e-07
151.INTNODE2425 9.999380e-01 4.825444e-05 1.373504e-05
207.INTNODE2425 8.667458e-01 7.471080e-02 5.854339e-02
145.INTNODE2426 9.809901e-01 1.899692e-02 1.294339e-05
178.INTNODE2426 8.570365e-01 1.420855e-01 8.780091e-04
88.INTNODE2428  6.910354e-01 2.675938e-03 3.062886e-01
111.INTNODE2428 6.004911e-01 3.878626e-02 3.607226e-01
155.INTNODE2428 6.095074e-01 1.695569e-02 3.735369e-01
470.INTNODE2428 8.673408e-01 1.326587e-01 5.070322e-07
4.INTNODE2429   9.736170e-01 2.638300e-02 3.815821e-08
13.INTNODE2429  4.816091e-01 3.132931e-03 5.152579e-01
90.INTNODE2429  9.913376e-01 8.659851e-03 2.560785e-06
113.INTNODE2429 7.740599e-01 2.239278e-01 2.012321e-03
145.INTNODE2429 3.821340e-01 2.905246e-03 6.149607e-01
171.INTNODE2429 9.994399e-01 5.475505e-04 1.251192e-05
179.INTNODE2429 9.907063e-01 9.197842e-03 9.581176e-05
184.INTNODE2429 9.978300e-01 2.166174e-03 3.817694e-06
186.INTNODE2429 8.279688e-01 1.719175e-01 1.136739e-04
202.INTNODE2429 1.655970e-01 8.434526e-04 8.335595e-01
205.INTNODE2429 3.007381e-01 1.921873e-03 6.973400e-01
289.INTNODE2429 8.276967e-01 7.611047e-02 9.619278e-02
415.INTNODE2429 9.640789e-01 3.592041e-02 7.267484e-07
113.INTNODE2433 2.649519e-01 2.952912e-04 7.347528e-01
292.INTNODE2433 9.338215e-01 6.617848e-02 4.075146e-08
78.INTNODE2434  9.608739e-01 3.912581e-02 2.730491e-07
85.INTNODE2434  8.512467e-01 1.487521e-01 1.174814e-06
169.INTNODE2434 4.548570e-03 6.730752e-04 9.947784e-01
176.INTNODE2434 6.302662e-08 1.432059e-07 9.999998e-01
201.INTNODE2434 8.511973e-01 1.486681e-01 1.345707e-04
238.INTNODE2434 2.391718e-01 2.357995e-03 7.584702e-01
488.INTNODE2434 9.420820e-01 5.787564e-02 4.237288e-05
60.INTNODE2435  8.769174e-01 4.516490e-02 7.791772e-02
171.INTNODE2435 3.900037e-01 1.248844e-03 6.087474e-01
202.INTNODE2435 4.848999e-01 9.872479e-03 5.052276e-01
206.INTNODE2435 6.888410e-01 2.015520e-02 2.910038e-01
232.INTNODE2435 7.484026e-01 6.520648e-02 1.863909e-01
261.INTNODE2435 8.772238e-01 1.227556e-01 2.061257e-05
[1] 0.69476608 0.05075658 0.25447735
[1] "weights"
[1] 0.69476608 0.05075658 0.25447735
[1] "weights"
[1] 0.69476608 0.05075658 0.25447735
[1] "weights"
[1] 0.69476608 0.05075658 0.25447735
[1] "model lnL"
[1] -2776.059
[1] "------------Step 6"
[1] "Running in group mode"
[1] "expon_lambda root  0.00179175464877132"
[1] "staring with p = " "0.2"              
[1] "precision_p  5.17275111633353e-12"
          p_root lambda_weib_root 
     0.684258050      0.001264135 
[1] "Running in group mode"
[1] "expon_lambda root  0.00147333236230171"
[1] "staring with p = " "0.2"              
[1] "precision_p  2.79491985111235e-11"
          p_root lambda_weib_root 
     1.713923761      0.002244979 
[1] "Running in group mode"
[1] "expon_lambda root  0.00856200643787968"
[1] "staring with p = " "0.2"              
[1] "precision_p  1.98951966012828e-13"
          p_root lambda_weib_root 
     0.784172599      0.009812657 
                        [,1]         [,2]         [,3]
156.INTNODE1247 2.502856e-01 3.759946e-04 7.493384e-01
240.INTNODE1247 2.613930e-01 1.179716e-03 7.374273e-01
277.INTNODE1249 6.773878e-02 7.772393e-06 9.322535e-01
467.INTNODE1354 5.169243e-02 7.938031e-07 9.483068e-01
7.INTNODE1628   5.708564e-02 7.648559e-09 9.429143e-01
202.INTNODE1911 1.895112e-01 4.343915e-07 8.104884e-01
203.INTNODE2046 2.307353e-01 1.010955e-05 7.692546e-01
202.INTNODE2079 5.142650e-01 1.383402e-04 4.855966e-01
202.INTNODE2080 3.246618e-01 5.040570e-07 6.753377e-01
206.INTNODE2084 9.883405e-01 1.664164e-03 9.995304e-03
52.INTNODE2226  9.974858e-01 2.140604e-03 3.735631e-04
162.INTNODE2226 9.986613e-01 6.051754e-05 1.278136e-03
157.INTNODE2228 9.962142e-01 3.570624e-04 3.428690e-03
290.INTNODE2230 9.947080e-01 3.753780e-03 1.538197e-03
205.INTNODE2233 6.291816e-01 3.072362e-06 3.708154e-01
467.INTNODE2283 4.377779e-01 9.322494e-04 5.612898e-01
99.INTNODE2298  9.936331e-01 3.316255e-03 3.050668e-03
111.INTNODE2298 9.844637e-01 1.511421e-02 4.220502e-04
489.INTNODE2301 9.806978e-01 1.929157e-02 1.062538e-05
3.INTNODE2304   1.808467e-02 1.220256e-10 9.819153e-01
182.INTNODE2305 9.916572e-01 8.337295e-03 5.546784e-06
169.INTNODE2394 5.904789e-07 9.850373e-15 9.999994e-01
199.INTNODE2394 9.331937e-01 6.583274e-02 9.735211e-04
361.INTNODE2395 7.291997e-01 2.708002e-01 9.915368e-08
86.INTNODE2399  7.589018e-01 2.410979e-01 2.913325e-07
289.INTNODE2399 9.804978e-01 3.732521e-05 1.946487e-02
326.INTNODE2400 9.930174e-01 4.494642e-04 6.533159e-03
88.INTNODE2401  8.714834e-01 1.285118e-01 4.771896e-06
97.INTNODE2401  9.335555e-01 6.643905e-02 5.445419e-06
287.INTNODE2401 9.375691e-01 6.243071e-02 2.019216e-07
289.INTNODE2401 2.316979e-01 1.251608e-04 7.681769e-01
16.INTNODE2402  7.445161e-01 2.554838e-01 7.824885e-08
74.INTNODE2402  9.422816e-01 5.771573e-02 2.646074e-06
91.INTNODE2404  9.487793e-01 5.120932e-02 1.142172e-05
155.INTNODE2404 8.818277e-01 1.181718e-01 5.120761e-07
223.INTNODE2404 7.585546e-01 2.414453e-01 9.961812e-08
173.INTNODE2405 9.944020e-01 5.597655e-03 3.203967e-07
12.INTNODE2406  8.254620e-01 1.745362e-01 1.843933e-06
13.INTNODE2406  7.534144e-01 2.465855e-01 9.379038e-08
71.INTNODE2406  8.136281e-01 1.863716e-01 3.508014e-07
142.INTNODE2406 1.230090e-05 2.040787e-09 9.999877e-01
202.INTNODE2406 6.741546e-01 1.255858e-05 3.258329e-01
205.INTNODE2406 8.302947e-02 9.744030e-04 9.159961e-01
206.INTNODE2406 8.982176e-01 2.282555e-02 7.895688e-02
209.INTNODE2406 8.934004e-01 1.065984e-01 1.168045e-06
210.INTNODE2406 9.039356e-01 9.606000e-02 4.390004e-06
418.INTNODE2406 9.932927e-01 6.672790e-03 3.450983e-05
293.INTNODE2415 8.970889e-01 1.028860e-01 2.503592e-05
138.INTNODE2416 9.910837e-01 8.881292e-03 3.497275e-05
240.INTNODE2421 9.966253e-01 3.374501e-03 2.007033e-07
238.INTNODE2422 2.066724e-14 3.045298e-26 1.000000e+00
269.INTNODE2423 8.871961e-01 1.127914e-01 1.255877e-05
311.INTNODE2423 8.231213e-01 1.768784e-01 2.749674e-07
73.INTNODE2425  9.978522e-01 2.147593e-03 2.298647e-07
151.INTNODE2425 9.999527e-01 3.184613e-05 1.541773e-05
207.INTNODE2425 8.536803e-01 8.761396e-02 5.870573e-02
145.INTNODE2426 9.818112e-01 1.817504e-02 1.380633e-05
178.INTNODE2426 7.898438e-01 2.092926e-01 8.636172e-04
88.INTNODE2428  6.771955e-01 2.798614e-03 3.200059e-01
111.INTNODE2428 5.697566e-01 6.491468e-02 3.653287e-01
155.INTNODE2428 5.983131e-01 1.927753e-02 3.824094e-01
470.INTNODE2428 8.824947e-01 1.175047e-01 5.339515e-07
4.INTNODE2429   9.836858e-01 1.631418e-02 4.051323e-08
13.INTNODE2429  4.670100e-01 3.460779e-03 5.295292e-01
90.INTNODE2429  9.935794e-01 6.417852e-03 2.771560e-06
113.INTNODE2429 6.672896e-01 3.308379e-01 1.872500e-03
145.INTNODE2429 3.681920e-01 2.993339e-03 6.288147e-01
171.INTNODE2429 9.995900e-01 3.959240e-04 1.402951e-05
179.INTNODE2429 9.910462e-01 8.849143e-03 1.046511e-04
184.INTNODE2429 9.984329e-01 1.562872e-03 4.199490e-06
186.INTNODE2429 7.843753e-01 2.155097e-01 1.149285e-04
202.INTNODE2429 1.564666e-01 1.003993e-03 8.425294e-01
205.INTNODE2429 2.876232e-01 2.128115e-03 7.102487e-01
289.INTNODE2429 8.121969e-01 9.107492e-02 9.672814e-02
415.INTNODE2429 9.712367e-01 2.876255e-02 7.770259e-07
113.INTNODE2433 2.490163e-01 2.590186e-04 7.507247e-01
292.INTNODE2433 9.592377e-01 4.076230e-02 4.421637e-08
78.INTNODE2434  9.744105e-01 2.558925e-02 2.963322e-07
85.INTNODE2434  8.749719e-01 1.250269e-01 1.283230e-06
169.INTNODE2434 4.242956e-03 1.513972e-03 9.942431e-01
176.INTNODE2434 5.295795e-08 1.177986e-06 9.999988e-01
201.INTNODE2434 8.301006e-01 1.697569e-01 1.425116e-04
238.INTNODE2434 2.281975e-01 2.709186e-03 7.690933e-01
488.INTNODE2434 9.442522e-01 5.570148e-02 4.633307e-05
60.INTNODE2435  8.689145e-01 5.125174e-02 7.983373e-02
171.INTNODE2435 3.741109e-01 1.196382e-03 6.246927e-01
202.INTNODE2435 4.728756e-01 1.099778e-02 5.161267e-01
206.INTNODE2435 6.760497e-01 2.438711e-02 2.995632e-01
232.INTNODE2435 7.333230e-01 7.868052e-02 1.879965e-01
261.INTNODE2435 8.871173e-01 1.128600e-01 2.265213e-05
[1] 0.68822068 0.05332492 0.25845441
[1] "weights"
[1] 0.68822068 0.05332492 0.25845441
[1] "weights"
[1] 0.68822068 0.05332492 0.25845441
[1] "weights"
[1] 0.68822068 0.05332492 0.25845441
[1] "model lnL"
[1] -2775.903
[1] "------------Step 7"
[1] "Running in group mode"
[1] "expon_lambda root  0.00178133010584926"
[1] "staring with p = " "0.2"              
[1] "precision_p  4.91695573145989e-12"
          p_root lambda_weib_root 
     0.680928699      0.001247102 
[1] "Running in group mode"
[1] "expon_lambda root  0.00155517081541681"
[1] "staring with p = " "0.2"              
[1] "precision_p  8.28528357033065e-11"
          p_root lambda_weib_root 
     1.768294096      0.002362767 
[1] "Running in group mode"
[1] "expon_lambda root  0.00855257741827909"
[1] "staring with p = " "0.2"              
[1] "precision_p  2.27373675443232e-13"
          p_root lambda_weib_root 
     0.784362350      0.009790703 
                        [,1]         [,2]         [,3]
156.INTNODE1247 2.436484e-01 3.423701e-04 7.560093e-01
240.INTNODE1247 2.544964e-01 1.159991e-03 7.443436e-01
277.INTNODE1249 6.515904e-02 6.338035e-06 9.348346e-01
467.INTNODE1354 4.951345e-02 5.930411e-07 9.504860e-01
7.INTNODE1628   5.489159e-02 4.055287e-09 9.451084e-01
202.INTNODE1911 1.840873e-01 2.619416e-07 8.159125e-01
203.INTNODE2046 2.247382e-01 7.176956e-06 7.752546e-01
202.INTNODE2079 5.066609e-01 1.089085e-04 4.932301e-01
202.INTNODE2080 3.173382e-01 2.924674e-07 6.826616e-01
206.INTNODE2084 9.884762e-01 1.347249e-03 1.017655e-02
52.INTNODE2226  9.978995e-01 1.721722e-03 3.787773e-04
162.INTNODE2226 9.986571e-01 4.089464e-05 1.302026e-03
157.INTNODE2228 9.961854e-01 2.896517e-04 3.524928e-03
290.INTNODE2230 9.950239e-01 3.397940e-03 1.578137e-03
205.INTNODE2233 6.168620e-01 2.399781e-06 3.831356e-01
467.INTNODE2283 4.296315e-01 8.583093e-04 5.695102e-01
99.INTNODE2298  9.935891e-01 3.250504e-03 3.160383e-03
111.INTNODE2298 9.845138e-01 1.505196e-02 4.341922e-04
489.INTNODE2301 9.805142e-01 1.947483e-02 1.095952e-05
3.INTNODE2304   1.644063e-02 9.124332e-11 9.835594e-01
182.INTNODE2305 9.921771e-01 7.817177e-03 5.719550e-06
169.INTNODE2394 5.081710e-07 1.348525e-14 9.999995e-01
199.INTNODE2394 9.295020e-01 6.950402e-02 9.939980e-04
361.INTNODE2395 7.235504e-01 2.764495e-01 1.003624e-07
86.INTNODE2399  7.519440e-01 2.480557e-01 2.953538e-07
289.INTNODE2399 9.791139e-01 3.714065e-05 2.084893e-02
326.INTNODE2400 9.925285e-01 4.933799e-04 6.978135e-03
88.INTNODE2401  8.541456e-01 1.458495e-01 4.869409e-06
97.INTNODE2401  9.273704e-01 7.262400e-02 5.629946e-06
287.INTNODE2401 9.423270e-01 5.767284e-02 2.080935e-07
289.INTNODE2401 2.255078e-01 1.060217e-04 7.743861e-01
16.INTNODE2402  7.449295e-01 2.550704e-01 8.068083e-08
74.INTNODE2402  9.395087e-01 6.048859e-02 2.757110e-06
91.INTNODE2404  9.429122e-01 5.707586e-02 1.197187e-05
155.INTNODE2404 8.809067e-01 1.190927e-01 5.319105e-07
223.INTNODE2404 7.611660e-01 2.388339e-01 1.032341e-07
173.INTNODE2405 9.955771e-01 4.422612e-03 3.328685e-07
12.INTNODE2406  8.087057e-01 1.912924e-01 1.892557e-06
13.INTNODE2406  7.578797e-01 2.421202e-01 9.741803e-08
71.INTNODE2406  8.090547e-01 1.909449e-01 3.627677e-07
142.INTNODE2406 1.047906e-05 4.581224e-09 9.999895e-01
202.INTNODE2406 6.601255e-01 1.083680e-05 3.398637e-01
205.INTNODE2406 7.695025e-02 1.494054e-03 9.215557e-01
206.INTNODE2406 8.828028e-01 3.356251e-02 8.363466e-02
209.INTNODE2406 8.926165e-01 1.073823e-01 1.213156e-06
210.INTNODE2406 8.967521e-01 1.032433e-01 4.560958e-06
418.INTNODE2406 9.930784e-01 6.884980e-03 3.660573e-05
293.INTNODE2415 8.860608e-01 1.139130e-01 2.621514e-05
138.INTNODE2416 9.912122e-01 8.750447e-03 3.732550e-05
240.INTNODE2421 9.976415e-01 2.358274e-03 2.093709e-07
238.INTNODE2422 1.597609e-14 4.979344e-26 1.000000e+00
269.INTNODE2423 8.875677e-01 1.124192e-01 1.312922e-05
311.INTNODE2423 8.312617e-01 1.687380e-01 2.903870e-07
73.INTNODE2425  9.985643e-01 1.435497e-03 2.400675e-07
151.INTNODE2425 9.999634e-01 2.021383e-05 1.640177e-05
207.INTNODE2425 8.390138e-01 1.012613e-01 5.972489e-02
145.INTNODE2426 9.830444e-01 1.694090e-02 1.468477e-05
178.INTNODE2426 7.227684e-01 2.763716e-01 8.599487e-04
88.INTNODE2428  6.681131e-01 2.839923e-03 3.290470e-01
111.INTNODE2428 5.347089e-01 9.602476e-02 3.692664e-01
