[1] "Initial parameters:"
           lambda         p
[1,] 0.0009882628 4.3571470
[2,] 0.0055694348 0.3859347
[3,] 0.0224605742 0.4939969
[1] 0.3333333 0.3333333 0.3333333
[1] "------------Step 1"
[1] "Running in group mode"
[1] "expon_lambda root  0.000597573311985428"
[1] "staring with p = " "0.2"              
[1] "precision_p  4.61481793667673e-07"
          p_root lambda_weib_root 
     2.512542668      0.001562544 
[1] "Running in group mode"
[1] "expon_lambda root  0.00195669445331913"
[1] "staring with p = " "0.2"              
[1] "precision_p  3.60387275577523e-11"
          p_root lambda_weib_root 
     0.661467669      0.001376634 
[1] "Running in group mode"
[1] "expon_lambda root  0.00882337150540687"
[1] "staring with p = " "0.2"              
[1] "precision_p  2.27373675443232e-13"
          p_root lambda_weib_root 
      0.76643087       0.01090637 
                         [,1]         [,2]         [,3]
156.INTNODE1247  1.647088e-13 3.309515e-01 6.690485e-01
240.INTNODE1247  1.590630e-11 3.472205e-01 6.527795e-01
277.INTNODE1249  4.427909e-21 1.817232e-01 8.182768e-01
467.INTNODE1354  2.753084e-27 2.630406e-01 7.369594e-01
7.INTNODE1628    2.401525e-35 3.650569e-01 6.349431e-01
202.INTNODE1911  3.518995e-27 5.164237e-01 4.835763e-01
203.INTNODE2046  7.579585e-20 3.173087e-01 6.826913e-01
202.INTNODE2079  7.061051e-16 7.272842e-01 2.727158e-01
202.INTNODE2080  6.828735e-28 7.328787e-01 2.671213e-01
206.INTNODE2084  4.414758e-12 9.988787e-01 1.121284e-03
52.INTNODE2226   9.482522e-15 9.999909e-01 9.127097e-06
162.INTNODE2226  7.267849e-24 9.999842e-01 1.580574e-05
157.INTNODE2228  1.665325e-21 9.997835e-01 2.165140e-04
290.INTNODE2230  1.082928e-14 9.996574e-01 3.426392e-04
205.INTNODE2233  1.740256e-37 9.879733e-01 1.202665e-02
467.INTNODE2283  1.347428e-12 5.976649e-01 4.023351e-01
99.INTNODE2298   1.101785e-17 9.991036e-01 8.963778e-04
111.INTNODE2298  2.860725e-12 9.997391e-01 2.608755e-04
489.INTNODE2301  1.603012e-14 9.999915e-01 8.536986e-06
3.INTNODE2304    3.718331e-68 9.551297e-01 4.487027e-02
182.INTNODE2305  7.089612e-16 9.999952e-01 4.842659e-06
169.INTNODE2394  8.535458e-87 4.307708e-02 9.569229e-01
199.INTNODE2394  1.320713e-06 9.990655e-01 9.331564e-04
361.INTNODE2395  1.287657e-03 9.987114e-01 9.622534e-07
86.INTNODE2399   1.055584e-03 9.989409e-01 3.477660e-06
289.INTNODE2399  8.566162e-39 9.983279e-01 1.672088e-03
326.INTNODE2400  1.961684e-31 9.985078e-01 1.492196e-03
88.INTNODE2401   4.058522e-10 9.999723e-01 2.765837e-05
97.INTNODE2401   2.020572e-11 9.999713e-01 2.865333e-05
287.INTNODE2401  3.983701e-06 9.999919e-01 4.105058e-06
289.INTNODE2401  2.470476e-15 3.244626e-01 6.755374e-01
16.INTNODE2402   2.733230e-02 9.726625e-01 5.225212e-06
74.INTNODE2402   9.042201e-11 9.999637e-01 3.625145e-05
91.INTNODE2404   2.463225e-13 9.998842e-01 1.157962e-04
155.INTNODE2404  2.722418e-06 9.999764e-01 2.087809e-05
223.INTNODE2404  4.711021e-02 9.528810e-01 8.757652e-06
173.INTNODE2405  8.949646e-12 9.999879e-01 1.214072e-05
12.INTNODE2406   6.213132e-08 9.999583e-01 4.167350e-05
13.INTNODE2406   8.390527e-02 9.160873e-01 7.454054e-06
71.INTNODE2406   4.529358e-05 9.999387e-01 1.596379e-05
142.INTNODE2406  1.156868e-65 2.448777e-02 9.755122e-01
202.INTNODE2406  4.009114e-34 9.283623e-01 7.163766e-02
205.INTNODE2406  4.689713e-28 6.273244e-01 3.726756e-01
206.INTNODE2406  2.645981e-23 9.742219e-01 2.577812e-02
209.INTNODE2406  1.973827e-06 9.999653e-01 3.275117e-05
210.INTNODE2406  2.753120e-09 9.999307e-01 6.924949e-05
418.INTNODE2406  1.620793e-19 9.998235e-01 1.764814e-04
293.INTNODE2415  1.646507e-10 9.995877e-01 4.122946e-04
138.INTNODE2416  1.565270e-17 9.995482e-01 4.518048e-04
240.INTNODE2421  5.523908e-11 9.999827e-01 1.726526e-05
238.INTNODE2422 2.751331e-140 1.972727e-07 9.999998e-01
269.INTNODE2423  2.911386e-05 9.996087e-01 3.621881e-04
311.INTNODE2423  1.480030e-03 9.984880e-01 3.198070e-05
73.INTNODE2425   1.433662e-11 9.999748e-01 2.524258e-05
151.INTNODE2425  2.949820e-27 9.997786e-01 2.214241e-04
207.INTNODE2425  2.113181e-05 9.152669e-01 8.471192e-02
145.INTNODE2426  5.924847e-13 9.995756e-01 4.244215e-04
178.INTNODE2426  3.619712e-16 9.942172e-01 5.782792e-03
88.INTNODE2428   6.034332e-14 7.408651e-01 2.591349e-01
111.INTNODE2428  2.180642e-17 7.518992e-01 2.481008e-01
155.INTNODE2428  8.536768e-08 6.384727e-01 3.615272e-01
470.INTNODE2428  1.030741e-03 9.988838e-01 8.543101e-05
4.INTNODE2429    1.234252e-03 9.987459e-01 1.988798e-05
13.INTNODE2429   3.917121e-13 6.228931e-01 3.771069e-01
90.INTNODE2429   5.756279e-11 9.997458e-01 2.542488e-04
113.INTNODE2429  1.628530e-16 9.859174e-01 1.408261e-02
145.INTNODE2429  2.220351e-10 4.548307e-01 5.451693e-01
171.INTNODE2429  3.691652e-21 9.995082e-01 4.917636e-04
179.INTNODE2429  5.408606e-16 9.979948e-01 2.005202e-03
184.INTNODE2429  4.976651e-16 9.997336e-01 2.663886e-04
186.INTNODE2429  3.177429e-12 9.974864e-01 2.513561e-03
202.INTNODE2429  2.745824e-16 4.027545e-01 5.972455e-01
205.INTNODE2429  3.031778e-13 4.630958e-01 5.369042e-01
289.INTNODE2429  2.526062e-05 8.585746e-01 1.414001e-01
415.INTNODE2429  5.104941e-08 9.998919e-01 1.080131e-04
113.INTNODE2433  3.730152e-14 3.401896e-01 6.598104e-01
292.INTNODE2433  6.172380e-01 3.827476e-01 1.446414e-05
78.INTNODE2434   5.625023e-04 9.993203e-01 1.172117e-04
85.INTNODE2434   1.099024e-03 9.985955e-01 3.054505e-04
169.INTNODE2434  7.414555e-20 5.969299e-02 9.403070e-01
176.INTNODE2434  3.805142e-50 5.953346e-05 9.999405e-01
201.INTNODE2434  3.917775e-11 9.950203e-01 4.979718e-03
238.INTNODE2434  2.032239e-12 3.936900e-01 6.063100e-01
488.INTNODE2434  1.317684e-10 9.974944e-01 2.505639e-03
60.INTNODE2435   3.343324e-06 8.667119e-01 1.332848e-01
171.INTNODE2435  4.937569e-12 4.677693e-01 5.322307e-01
202.INTNODE2435  2.012117e-08 5.464087e-01 4.535913e-01
206.INTNODE2435  8.287006e-10 7.142176e-01 2.857824e-01
232.INTNODE2435  2.190506e-05 7.652688e-01 2.347093e-01
261.INTNODE2435  6.195979e-08 9.979120e-01 2.087918e-03
[1] 0.008705465 0.793540948 0.197753587
[1] "weights"
[1] 0.008705465 0.793540948 0.197753587
[1] "weights"
[1] 0.008705465 0.793540948 0.197753587
[1] "weights"
[1] 0.008705465 0.793540948 0.197753587
[1] "model lnL"
[1] -2778.565
[1] "------------Step 2"
[1] "Running in group mode"
[1] "expon_lambda root  0.000829360452800282"
[1] "staring with p = " "0.2"              
[1] "precision_p  2.40134379048129e-09"
          p_root lambda_weib_root 
     2.019815153      0.001694139 
[1] "Running in group mode"
[1] "expon_lambda root  0.00183563021984419"
[1] "staring with p = " "0.2"              
[1] "precision_p  2.76827449852135e-11"
          p_root lambda_weib_root 
      0.69255784       0.00132433 
[1] "Running in group mode"
[1] "expon_lambda root  0.00877862598671747"
[1] "staring with p = " "0.2"              
[1] "precision_p  0"
          p_root lambda_weib_root 
      0.77670532       0.01033674 
                        [,1]         [,2]         [,3]
156.INTNODE1247 1.034228e-07 3.480196e-01 6.519803e-01
240.INTNODE1247 8.661668e-07 3.638530e-01 6.361461e-01
277.INTNODE1249 5.111987e-11 1.042338e-01 8.957662e-01
467.INTNODE1354 1.709575e-13 8.869007e-02 9.113099e-01
7.INTNODE1628   1.980461e-17 9.918171e-02 9.008183e-01
202.INTNODE1911 5.901597e-14 2.963950e-01 7.036050e-01
203.INTNODE2046 1.108496e-10 3.203194e-01 6.796806e-01
202.INTNODE2079 5.000860e-09 6.585765e-01 3.414235e-01
202.INTNODE2080 3.816176e-14 4.815486e-01 5.184514e-01
206.INTNODE2084 7.622162e-08 9.965578e-01 3.442148e-03
52.INTNODE2226  9.442913e-09 9.999194e-01 8.058434e-05
162.INTNODE2226 2.283009e-12 9.997301e-01 2.699492e-04
157.INTNODE2228 1.352390e-10 9.991228e-01 8.771671e-04
290.INTNODE2230 7.529766e-08 9.995633e-01 4.366504e-04
205.INTNODE2233 6.329385e-16 8.563984e-01 1.436016e-01
467.INTNODE2283 2.629288e-07 5.768839e-01 4.231159e-01
99.INTNODE2298  2.040891e-08 9.991339e-01 8.660549e-04
111.INTNODE2298 1.584313e-06 9.998810e-01 1.174213e-04
489.INTNODE2301 5.528370e-07 9.999974e-01 2.076408e-06
3.INTNODE2304   9.528884e-27 8.824897e-02 9.117510e-01
182.INTNODE2305 1.141080e-07 9.999989e-01 1.027533e-06
169.INTNODE2394 8.976839e-35 3.210395e-06 9.999968e-01
199.INTNODE2394 1.629177e-04 9.994953e-01 3.417436e-04
361.INTNODE2395 4.712488e-03 9.952875e-01 2.508063e-08
86.INTNODE2399  5.135996e-03 9.948639e-01 7.881559e-08
289.INTNODE2399 6.044199e-15 9.959144e-01 4.085581e-03
326.INTNODE2400 4.348150e-12 9.985568e-01 1.443230e-03
88.INTNODE2401  1.202506e-04 9.998786e-01 1.156652e-06
97.INTNODE2401  2.972324e-05 9.999690e-01 1.238910e-06
287.INTNODE2401 4.853868e-04 9.995146e-01 4.544657e-08
289.INTNODE2401 1.338543e-08 3.238784e-01 6.761216e-01
16.INTNODE2402  3.225106e-02 9.677489e-01 2.206962e-08
74.INTNODE2402  6.653407e-05 9.999329e-01 6.150384e-07
91.INTNODE2404  1.894823e-05 9.999784e-01 2.698513e-06
155.INTNODE2404 2.006371e-03 9.979935e-01 1.311561e-07
223.INTNODE2404 4.371367e-02 9.562863e-01 2.860342e-08
173.INTNODE2405 5.179638e-06 9.999947e-01 7.068064e-08
12.INTNODE2406  1.274411e-03 9.987251e-01 4.959836e-07
13.INTNODE2406  5.013487e-02 9.498651e-01 2.674785e-08
71.INTNODE2406  6.445899e-03 9.935540e-01 9.501973e-08
142.INTNODE2406 6.054962e-24 5.942333e-05 9.999406e-01
202.INTNODE2406 4.909430e-14 8.614030e-01 1.385970e-01
205.INTNODE2406 1.786064e-10 2.150453e-01 7.849547e-01
206.INTNODE2406 2.674294e-08 9.761858e-01 2.381415e-02
209.INTNODE2406 1.481917e-03 9.985178e-01 3.071476e-07
210.INTNODE2406 2.956388e-04 9.997032e-01 1.126341e-06
418.INTNODE2406 9.300980e-08 9.999924e-01 7.547857e-06
293.INTNODE2415 2.939712e-04 9.996990e-01 7.041045e-06
138.INTNODE2416 7.284271e-07 9.999909e-01 8.400227e-06
240.INTNODE2421 8.727463e-06 9.999912e-01 4.634946e-08
238.INTNODE2422 2.208268e-56 1.027432e-13 1.000000e+00
269.INTNODE2423 4.504753e-03 9.954912e-01 4.086687e-06
311.INTNODE2423 2.813034e-02 9.718696e-01 7.769832e-08
73.INTNODE2425  5.192313e-06 9.999948e-01 5.494336e-08
151.INTNODE2425 1.905171e-11 9.999965e-01 3.542268e-06
207.INTNODE2425 9.504245e-04 9.671349e-01 3.191467e-02
145.INTNODE2426 2.161250e-05 9.999748e-01 3.605260e-06
178.INTNODE2426 5.300569e-05 9.996729e-01 2.740516e-04
88.INTNODE2428  4.369714e-07 8.086328e-01 1.913667e-01
111.INTNODE2428 3.541793e-06 8.087723e-01 1.912241e-01
155.INTNODE2428 7.186873e-05 7.372426e-01 2.626855e-01
470.INTNODE2428 2.294741e-02 9.770524e-01 1.543182e-07
4.INTNODE2429   4.521452e-03 9.954785e-01 1.043519e-08
13.INTNODE2429  8.489896e-07 6.282080e-01 3.717911e-01
90.INTNODE2429  3.238176e-05 9.999669e-01 7.513215e-07
113.INTNODE2429 1.144144e-04 9.991777e-01 7.078801e-04
145.INTNODE2429 3.472039e-06 4.955991e-01 5.043974e-01
171.INTNODE2429 1.019096e-08 9.999965e-01 3.464228e-06
179.INTNODE2429 2.613988e-06 9.999686e-01 2.881681e-05
184.INTNODE2429 5.889391e-07 9.999984e-01 1.060410e-06
186.INTNODE2429 6.301302e-04 9.993325e-01 3.741457e-05
202.INTNODE2429 6.261383e-08 2.629297e-01 7.370702e-01
205.INTNODE2429 5.862358e-07 4.237623e-01 5.762371e-01
289.INTNODE2429 1.143491e-03 9.424690e-01 5.638749e-02
415.INTNODE2429 7.423041e-04 9.992575e-01 2.001523e-07
113.INTNODE2433 4.979069e-08 3.469042e-01 6.530957e-01
292.INTNODE2433 7.921036e-02 9.207896e-01 1.149865e-08
78.INTNODE2434  8.208571e-03 9.917913e-01 8.326523e-08
85.INTNODE2434  4.682926e-02 9.531704e-01 3.844056e-07
169.INTNODE2434 3.751361e-08 9.120462e-03 9.908795e-01
176.INTNODE2434 1.694988e-16 1.941761e-07 9.999998e-01
201.INTNODE2434 1.260257e-03 9.986927e-01 4.708329e-05
238.INTNODE2434 1.239495e-06 3.450657e-01 6.549330e-01
488.INTNODE2434 5.091402e-04 9.994771e-01 1.380314e-05
60.INTNODE2435  4.413113e-04 9.554695e-01 4.408920e-02
171.INTNODE2435 5.828379e-07 5.014736e-01 4.985258e-01
202.INTNODE2435 3.171355e-05 6.138887e-01 3.860795e-01
206.INTNODE2435 3.680558e-05 8.172959e-01 1.826673e-01
232.INTNODE2435 1.028213e-03 8.796307e-01 1.193411e-01
261.INTNODE2435 5.309373e-03 9.946835e-01 7.098396e-06
[1] 0.003948848 0.775974611 0.220076541
[1] "weights"
[1] 0.003948848 0.775974611 0.220076541
[1] "weights"
[1] 0.003948848 0.775974611 0.220076541
[1] "weights"
[1] 0.003948848 0.775974611 0.220076541
[1] "model lnL"
[1] -2776.962
[1] "------------Step 3"
[1] "Running in group mode"
[1] "expon_lambda root  0.000981397434428805"
[1] "staring with p = " "0.2"              
[1] "precision_p  1.12529652263049e-10"
          p_root lambda_weib_root 
      1.86066118       0.00185166 
[1] "Running in group mode"
[1] "expon_lambda root  0.00179768867770319"
[1] "staring with p = " "0.2"              
[1] "precision_p  9.49285094975494e-12"
          p_root lambda_weib_root 
     0.703956164      0.001310153 
[1] "Running in group mode"
[1] "expon_lambda root  0.00868813306985326"
[1] "staring with p = " "0.2"              
[1] "precision_p  3.97903932025656e-13"
          p_root lambda_weib_root 
      0.77902554       0.01009515 
                        [,1]         [,2]         [,3]
156.INTNODE1247 1.592675e-06 2.933738e-01 7.066246e-01
240.INTNODE1247 7.612506e-06 3.116321e-01 6.883603e-01
277.INTNODE1249 5.962275e-09 7.872698e-02 9.212730e-01
467.INTNODE1354 1.301094e-10 6.132301e-02 9.386770e-01
7.INTNODE1628   1.833108e-13 6.332983e-02 9.366702e-01
202.INTNODE1911 6.404921e-11 2.171215e-01 7.828785e-01
203.INTNODE2046 1.069164e-08 2.564908e-01 7.435091e-01
202.INTNODE2079 2.450490e-07 5.826621e-01 4.173376e-01
202.INTNODE2080 5.928789e-11 3.711003e-01 6.288997e-01
206.INTNODE2084 3.006373e-06 9.945857e-01 5.411254e-03
52.INTNODE2226  1.295458e-06 9.998462e-01 1.525388e-04
162.INTNODE2226 4.590930e-09 9.994439e-01 5.560684e-04
157.INTNODE2228 7.850443e-08 9.983239e-01 1.675983e-03
290.INTNODE2230 4.963333e-06 9.992279e-01 7.671556e-04
205.INTNODE2233 2.414263e-11 7.427700e-01 2.572300e-01
467.INTNODE2283 3.991802e-06 5.083575e-01 4.916385e-01
99.INTNODE2298  2.653823e-06 9.984391e-01 1.558272e-03
111.INTNODE2298 4.437191e-05 9.997492e-01 2.064269e-04
489.INTNODE2301 3.468580e-05 9.999610e-01 4.279887e-06
3.INTNODE2304   1.068888e-18 3.159730e-02 9.684027e-01
182.INTNODE2305 1.121037e-05 9.999866e-01 2.186910e-06
169.INTNODE2394 9.340999e-25 1.022799e-06 9.999990e-01
199.INTNODE2394 7.833980e-04 9.986823e-01 5.343135e-04
361.INTNODE2395 1.126867e-02 9.887313e-01 4.884999e-08
86.INTNODE2399  1.084057e-02 9.891593e-01 1.476712e-07
289.INTNODE2399 2.929850e-10 9.903882e-01 9.611837e-03
326.INTNODE2400 2.200919e-08 9.968498e-01 3.150197e-03
88.INTNODE2401  1.289799e-03 9.987080e-01 2.234145e-06
97.INTNODE2401  4.710450e-04 9.995265e-01 2.422502e-06
287.INTNODE2401 1.803192e-03 9.981967e-01 8.778000e-08
289.INTNODE2401 3.512352e-07 2.682918e-01 7.317079e-01
16.INTNODE2402  2.986560e-02 9.701344e-01 4.103710e-08
74.INTNODE2402  6.821319e-04 9.993167e-01 1.191717e-06
91.INTNODE2404  3.526224e-04 9.996421e-01 5.235031e-06
155.INTNODE2404 5.129070e-03 9.948707e-01 2.444947e-07
223.INTNODE2404 3.361900e-02 9.663809e-01 5.261016e-08
173.INTNODE2405 6.953605e-05 9.999303e-01 1.420042e-07
12.INTNODE2406  5.012890e-03 9.949862e-01 9.265380e-07
13.INTNODE2406  3.613784e-02 9.638621e-01 4.931268e-08
71.INTNODE2406  1.146760e-02 9.885322e-01 1.758131e-07
142.INTNODE2406 6.822828e-17 2.366401e-05 9.999763e-01
202.INTNODE2406 4.131816e-10 7.644187e-01 2.355813e-01
205.INTNODE2406 1.398302e-07 1.370691e-01 8.629308e-01
206.INTNODE2406 8.489714e-06 9.573828e-01 4.260874e-02
209.INTNODE2406 4.052890e-03 9.959465e-01 5.618952e-07
210.INTNODE2406 1.767563e-03 9.982303e-01 2.096541e-06
418.INTNODE2406 1.048372e-05 9.999740e-01 1.551271e-05
293.INTNODE2415 1.796915e-03 9.981904e-01 1.264292e-05
138.INTNODE2416 3.242320e-05 9.999511e-01 1.643801e-05
240.INTNODE2421 7.138611e-05 9.999285e-01 9.117248e-08
238.INTNODE2422 5.474517e-41 2.558896e-14 1.000000e+00
269.INTNODE2423 6.561022e-03 9.934322e-01 6.776859e-06
311.INTNODE2423 2.283559e-02 9.771643e-01 1.399119e-07
73.INTNODE2425  4.527075e-05 9.999546e-01 1.075684e-07
151.INTNODE2425 1.556282e-08 9.999922e-01 7.815847e-06
207.INTNODE2425 1.973056e-03 9.560922e-01 4.193473e-02
145.INTNODE2426 2.284218e-04 9.997649e-01 6.667384e-06
178.INTNODE2426 1.161380e-03 9.983412e-01 4.973892e-04
88.INTNODE2428  9.491493e-06 7.508331e-01 2.491574e-01
111.INTNODE2428 1.353807e-04 7.313350e-01 2.685296e-01
155.INTNODE2428 2.574832e-04 6.874032e-01 3.123394e-01
470.INTNODE2428 1.646273e-02 9.835370e-01 2.701018e-07
4.INTNODE2429   3.013702e-03 9.969863e-01 1.884033e-08
13.INTNODE2429  1.376030e-05 5.539704e-01 4.460159e-01
90.INTNODE2429  1.716516e-04 9.998270e-01 1.366892e-06
113.INTNODE2429 2.222078e-03 9.965138e-01 1.264120e-03
145.INTNODE2429 2.374206e-05 4.361189e-01 5.638573e-01
171.INTNODE2429 1.010505e-06 9.999920e-01 7.014060e-06
179.INTNODE2429 5.672755e-05 9.998907e-01 5.260419e-05
184.INTNODE2429 1.335946e-05 9.999846e-01 2.055953e-06
186.INTNODE2429 3.920478e-03 9.960134e-01 6.614084e-05
202.INTNODE2429 2.051181e-06 2.058395e-01 7.941585e-01
205.INTNODE2429 8.739226e-06 3.562770e-01 6.437142e-01
289.INTNODE2429 2.182765e-03 9.256003e-01 7.221697e-02
415.INTNODE2429 1.615401e-03 9.983842e-01 3.647678e-07
113.INTNODE2433 9.379667e-07 2.908620e-01 7.091370e-01
292.INTNODE2433 1.840668e-02 9.815933e-01 2.092408e-08
78.INTNODE2434  4.720214e-03 9.952796e-01 1.436127e-07
85.INTNODE2434  2.345726e-02 9.765421e-01 6.619423e-07
169.INTNODE2434 1.706940e-06 6.610885e-03 9.933874e-01
176.INTNODE2434 3.882311e-12 1.094217e-07 9.999999e-01
201.INTNODE2434 4.652580e-03 9.952672e-01 8.019992e-05
238.INTNODE2434 1.375313e-05 2.878670e-01 7.121193e-01
488.INTNODE2434 1.707054e-03 9.982693e-01 2.366896e-05
60.INTNODE2435  1.050453e-03 9.416311e-01 5.731847e-02
171.INTNODE2435 6.545809e-06 4.374947e-01 5.624988e-01
202.INTNODE2435 1.299633e-04 5.571987e-01 4.426713e-01
206.INTNODE2435 2.211611e-04 7.694316e-01 2.303472e-01
232.INTNODE2435 1.883995e-03 8.509810e-01 1.471350e-01
261.INTNODE2435 7.436044e-03 9.925521e-01 1.189504e-05
[1] 0.003147256 0.756557591 0.240295154
[1] "weights"
[1] 0.003147256 0.756557591 0.240295154
[1] "weights"
[1] 0.003147256 0.756557591 0.240295154
[1] "weights"
[1] 0.003147256 0.756557591 0.240295154
[1] "model lnL"
[1] -2776.587
[1] "------------Step 4"
