[1] "Initial parameters:"
           lambda        p
[1,] 1.313665e-03 1.029618
[2,] 8.314685e-04 2.868549
[3,] 2.416462e-05 5.305159
[1] 0.3333333 0.3333333 0.3333333
[1] "------------Step 1"
[1] "Running in group mode"
[1] "expon_lambda root  0.00259723482333359"
[1] "staring with p = " "0.2"              
[1] "precision_p  1.12947873276426e-10"
          p_root lambda_weib_root 
     0.672276235      0.002122272 
[1] "Running in group mode"
[1] "expon_lambda root  0.000614399427248985"
[1] "staring with p = " "0.2"              
[1] "precision_p  3.07932641607778e-08"
          p_root lambda_weib_root 
     2.389330674      0.001503142 
[1] "Running in group mode"
[1] "expon_lambda root  0.000573775581984872"
[1] "staring with p = " "0.2"              
[1] "precision_p  2.54903323687006e-20"
          p_root lambda_weib_root 
    2.000000e-01     3.712285e-05 
                     [,1]         [,2]          [,3]
156.INTNODE1247 0.9999996 4.389533e-07  5.784836e-32
240.INTNODE1247 0.9999967 3.313399e-06  6.174379e-30
277.INTNODE1249 1.0000000 1.034557e-10  1.406012e-48
467.INTNODE1354 1.0000000 4.359180e-14  1.028362e-64
7.INTNODE1628   1.0000000 4.543522e-18  6.396599e-74
202.INTNODE1911 1.0000000 3.103831e-14  8.317742e-57
203.INTNODE2046 1.0000000 5.845894e-10  1.313183e-38
202.INTNODE2079 1.0000000 7.425388e-09  3.954693e-36
202.INTNODE2080 1.0000000 1.028239e-14  5.732480e-58
206.INTNODE2084 1.0000000 1.637846e-08  1.214565e-35
52.INTNODE2226  1.0000000 7.484434e-11  1.211809e-49
162.INTNODE2226 1.0000000 2.574556e-15  3.196921e-68
157.INTNODE2228 1.0000000 3.303639e-13  2.338631e-63
290.INTNODE2230 1.0000000 1.858802e-09  1.957948e-46
205.INTNODE2233 1.0000000 7.973963e-21 1.135774e-105
467.INTNODE2283 0.9999995 5.047599e-07  7.025760e-32
99.INTNODE2298  1.0000000 8.458509e-11  6.486489e-58
111.INTNODE2298 1.0000000 4.386833e-08  1.876469e-43
489.INTNODE2301 1.0000000 1.092469e-09  6.234636e-56
3.INTNODE2304   1.0000000 6.303869e-37 3.562392e-201
182.INTNODE2305 1.0000000 2.148211e-10  1.226017e-57
169.INTNODE2394 1.0000000 1.354141e-46  0.000000e+00
199.INTNODE2394 0.9999531 4.690860e-05  5.474169e-28
361.INTNODE2395 0.9994423 5.576664e-04  1.787734e-26
86.INTNODE2399  0.9991406 8.594487e-04  5.673763e-26
289.INTNODE2399 1.0000000 1.074124e-21 5.981631e-125
326.INTNODE2400 1.0000000 6.887452e-18 6.540487e-108
88.INTNODE2401  0.9999995 5.011945e-07  5.199832e-50
97.INTNODE2401  0.9999999 1.273961e-07  2.222502e-51
287.INTNODE2401 0.9998862 1.137823e-04  3.943442e-28
289.INTNODE2401 0.9999999 6.283046e-08  6.643386e-34
16.INTNODE2402  0.9882213 1.177872e-02  1.261954e-23
74.INTNODE2402  0.9999995 4.610939e-07  2.978282e-50
91.INTNODE2404  1.0000000 2.214255e-08  1.436247e-61
155.INTNODE2404 0.9998718 1.282450e-04  2.055283e-36
223.INTNODE2404 0.9790403 2.095970e-02  4.710718e-23
173.INTNODE2405 0.9999996 3.553654e-07  2.153190e-42
12.INTNODE2406  0.9999891 1.090321e-05  3.916182e-47
13.INTNODE2406  0.9757005 2.429947e-02  6.625065e-23
71.INTNODE2406  0.9995891 4.108714e-04  2.819997e-35
142.INTNODE2406 1.0000000 1.113113e-35 4.094737e-248
202.INTNODE2406 1.0000000 1.608804e-18 1.483251e-100
205.INTNODE2406 1.0000000 3.748130e-16 1.562513e-111
206.INTNODE2406 1.0000000 8.388137e-14  2.894022e-98
209.INTNODE2406 0.9999036 9.638292e-05  1.341748e-36
210.INTNODE2406 0.9999974 2.606820e-06  1.771254e-48
418.INTNODE2406 1.0000000 1.531529e-11  3.737580e-77
293.INTNODE2415 0.9999993 7.008334e-07  4.570832e-58
138.INTNODE2416 1.0000000 2.689419e-10  2.356353e-74
240.INTNODE2421 0.9999988 1.240576e-06  2.962767e-41
238.INTNODE2422 1.0000000 4.602531e-71  0.000000e+00
269.INTNODE2423 0.9993465 6.534624e-04  1.838858e-34
311.INTNODE2423 0.9957705 4.229494e-03  4.868133e-33
73.INTNODE2425  0.9999990 9.504943e-07  1.577583e-41
151.INTNODE2425 1.0000000 8.769669e-15  8.022295e-85
207.INTNODE2425 0.9991746 8.253574e-04  8.822163e-25
145.INTNODE2426 0.9999999 8.627649e-08  2.753003e-60
178.INTNODE2426 1.0000000 4.985187e-10  3.561009e-90
88.INTNODE2428  0.9999999 7.611280e-08  2.590279e-42
111.INTNODE2428 1.0000000 2.152136e-10  7.959918e-82
155.INTNODE2428 0.9998940 1.060481e-04  1.319616e-26
470.INTNODE2428 0.9942805 5.719529e-03  1.047908e-32
4.INTNODE2429   0.9868153 1.318466e-02  8.894384e-24
13.INTNODE2429  0.9999998 1.844944e-07  2.582206e-41
90.INTNODE2429  0.9999982 1.763842e-06  4.618320e-49
113.INTNODE2429 1.0000000 2.464492e-10  3.425031e-99
145.INTNODE2429 0.9999912 8.815414e-06  5.321446e-29
171.INTNODE2429 1.0000000 1.037903e-11  9.013339e-78
179.INTNODE2429 1.0000000 2.403567e-09  4.615898e-72
184.INTNODE2429 1.0000000 4.369518e-09  1.933072e-63
186.INTNODE2429 0.9999999 7.484840e-08  5.527790e-77
202.INTNODE2429 1.0000000 4.379038e-09  2.708511e-53
205.INTNODE2429 0.9999998 2.083004e-07  4.109798e-41
289.INTNODE2429 0.9988722 1.127795e-03  2.029668e-24
415.INTNODE2429 0.9999620 3.798337e-05  4.039996e-46
113.INTNODE2433 0.9999998 2.108349e-07  1.070582e-32
292.INTNODE2433 0.6550391 3.449609e-01  2.909748e-20
78.INTNODE2434  0.9925887 7.411294e-03  1.551922e-32
85.INTNODE2434  0.9944260 5.573971e-03  4.791874e-41
169.INTNODE2434 1.0000000 2.772899e-11  1.364753e-91
176.INTNODE2434 1.0000000 2.723295e-27 1.917684e-253
201.INTNODE2434 0.9999996 3.546492e-07  2.066876e-75
238.INTNODE2434 0.9999994 5.627100e-07  4.381918e-40
488.INTNODE2434 0.9999988 1.159238e-06  5.774706e-66
60.INTNODE2435  0.9995148 4.852317e-04  2.606433e-25
171.INTNODE2435 0.9999985 1.490178e-06  8.689692e-31
202.INTNODE2435 0.9999407 5.926611e-05  3.937194e-27
206.INTNODE2435 0.9999933 6.708031e-06  7.754362e-38
232.INTNODE2435 0.9987963 1.203688e-03  2.835412e-24
261.INTNODE2435 0.9999779 2.209179e-05  4.814874e-63
[1] 9.950567e-01 4.943288e-03 3.248717e-22
[1] "weights"
[1] 9.950567e-01 4.943288e-03 3.248717e-22
[1] "weights"
[1] 9.950567e-01 4.943288e-03 3.248717e-22
[1] "weights"
[1] 9.950567e-01 4.943288e-03 3.248717e-22
[1] "model lnL"
[1] -2841.426
[1] "------------Step 2"
[1] "Running in group mode"
[1] "expon_lambda root  0.00259550584995102"
[1] "staring with p = " "0.2"              
[1] "precision_p  1.45007561513921e-10"
          p_root lambda_weib_root 
      0.67087346       0.00212047 
[1] "Running in group mode"
[1] "expon_lambda root  0.000769267956990079"
[1] "staring with p = " "0.2"              
[1] "precision_p  4.33772684438338e-09"
          p_root lambda_weib_root 
     1.870498498      0.001578133 
[1] "Running in group mode"
[1] "expon_lambda root  0.000993934405677476"
[1] "staring with p = " "0.2"              
[1] "precision_p  2.27201696871243e-20"
          p_root lambda_weib_root 
     2.00000e-01      3.18325e-05 
                     [,1]         [,2]         [,3]
156.INTNODE1247 0.9999998 1.580044e-07 1.158591e-22
240.INTNODE1247 0.9999989 1.116702e-06 7.113832e-23
277.INTNODE1249 1.0000000 2.853114e-10 8.962993e-23
467.INTNODE1354 1.0000000 1.378733e-12 7.897215e-23
7.INTNODE1628   1.0000000 2.707007e-16 4.722979e-22
202.INTNODE1911 1.0000000 2.355732e-13 2.514421e-22
203.INTNODE2046 1.0000000 2.817173e-10 5.561461e-22
202.INTNODE2079 1.0000000 6.304724e-09 1.563822e-22
202.INTNODE2080 1.0000000 1.109434e-13 6.002936e-22
206.INTNODE2084 0.9999999 1.135315e-07 9.748307e-23
52.INTNODE2226  1.0000000 2.368010e-08 1.668136e-22
162.INTNODE2226 1.0000000 7.360856e-12 2.282010e-22
157.INTNODE2228 1.0000000 2.563918e-10 2.460317e-22
290.INTNODE2230 0.9999999 1.137570e-07 3.488101e-22
205.INTNODE2233 1.0000000 9.839735e-16 2.885899e-23
467.INTNODE2283 0.9999997 2.703268e-07 1.135478e-22
99.INTNODE2298  1.0000000 2.507460e-08 1.435785e-22
111.INTNODE2298 0.9999978 2.155834e-06 3.470640e-22
489.INTNODE2301 0.9999989 1.090138e-06 4.088237e-22
3.INTNODE2304   1.0000000 1.269085e-25 2.117231e-25
182.INTNODE2305 0.9999997 2.706448e-07 6.029302e-22
169.INTNODE2394 1.0000000 5.619385e-30 8.263466e-30
199.INTNODE2394 0.9998323 1.676688e-04 2.878358e-22
361.INTNODE2395 0.9889809 1.101911e-02 2.926530e-21
86.INTNODE2399  0.9898591 1.014093e-02 2.195948e-21
289.INTNODE2399 1.0000000 6.944219e-15 6.148215e-24
326.INTNODE2400 1.0000000 4.144019e-12 6.987252e-24
88.INTNODE2401  0.9998448 1.552086e-04 2.011463e-22
97.INTNODE2401  0.9999583 4.172883e-05 2.741353e-22
287.INTNODE2401 0.9988667 1.133318e-03 5.272341e-21
289.INTNODE2401 1.0000000 2.476374e-08 1.748365e-22
16.INTNODE2402  0.9440170 5.598296e-02 2.321399e-21
74.INTNODE2402  0.9999109 8.906628e-05 2.896771e-22
91.INTNODE2404  0.9999807 1.927228e-05 6.911711e-23
155.INTNODE2404 0.9970920 2.908025e-03 7.755643e-22
223.INTNODE2404 0.9303182 6.968179e-02 1.992683e-21
173.INTNODE2405 0.9999881 1.189291e-05 3.663832e-21
12.INTNODE2406  0.9986019 1.398073e-03 1.403818e-22
13.INTNODE2406  0.9203187 7.968129e-02 1.732405e-21
71.INTNODE2406  0.9910464 8.953631e-03 5.772400e-22
142.INTNODE2406 1.0000000 6.366264e-21 5.054237e-31
202.INTNODE2406 1.0000000 4.892282e-14 1.459184e-23
205.INTNODE2406 1.0000000 1.922464e-10 4.264166e-26
206.INTNODE2406 1.0000000 1.002503e-08 3.361387e-25
209.INTNODE2406 0.9979786 2.021372e-03 5.659460e-22
210.INTNODE2406 0.9996714 3.286035e-04 1.526275e-22
418.INTNODE2406 0.9999999 1.017229e-07 4.381118e-23
293.INTNODE2415 0.9997882 2.118076e-04 2.211786e-23
138.INTNODE2416 0.9999994 6.333172e-07 2.624539e-23
240.INTNODE2421 0.9999810 1.897035e-05 2.782420e-21
238.INTNODE2422 1.0000000 4.863394e-45 5.015707e-36
269.INTNODE2423 0.9959197 4.080303e-03 1.989524e-22
311.INTNODE2423 0.9668404 3.315964e-02 4.375872e-22
73.INTNODE2425  0.9999888 1.118083e-05 3.662826e-21
151.INTNODE2425 1.0000000 3.623460e-11 3.973000e-22
207.INTNODE2425 0.9995127 4.872778e-04 5.643096e-23
145.INTNODE2426 0.9999811 1.894662e-05 5.543755e-23
178.INTNODE2426 0.9999836 1.644883e-05 2.408743e-25
88.INTNODE2428  0.9999997 2.950035e-07 5.381001e-23
111.INTNODE2428 0.9999990 9.979990e-07 1.925283e-25
155.INTNODE2428 0.9999570 4.303275e-05 4.913124e-23
470.INTNODE2428 0.9754841 2.451587e-02 3.547912e-22
4.INTNODE2429   0.9917011 8.298898e-03 4.077615e-21
13.INTNODE2429  0.9999994 6.358219e-07 3.170749e-23
90.INTNODE2429  0.9999626 3.739642e-05 2.653583e-22
113.INTNODE2429 0.9999751 2.491657e-05 3.615829e-26
145.INTNODE2429 0.9999967 3.268788e-06 6.465183e-23
171.INTNODE2429 1.0000000 1.207188e-08 8.443806e-23
179.INTNODE2429 0.9999983 1.738017e-06 1.155829e-23
184.INTNODE2429 0.9999993 7.187770e-07 1.695118e-22
186.INTNODE2429 0.9997634 2.365571e-04 8.002273e-25
202.INTNODE2429 0.9999999 8.977068e-08 8.085410e-24
205.INTNODE2429 0.9999994 5.906438e-07 2.421876e-23
289.INTNODE2429 0.9994501 5.498809e-04 4.755018e-23
415.INTNODE2429 0.9991984 8.015740e-04 1.899436e-22
113.INTNODE2433 0.9999999 8.023497e-08 1.352749e-22
292.INTNODE2433 0.8897317 1.102683e-01 1.496035e-21
78.INTNODE2434  0.9904963 9.503718e-03 4.251499e-22
85.INTNODE2434  0.9651418 3.485824e-02 4.606620e-23
169.INTNODE2434 0.9999996 4.226779e-07 7.517214e-27
176.INTNODE2434 1.0000000 3.242192e-12 5.760449e-36
201.INTNODE2434 0.9995741 4.258968e-04 5.308852e-25
238.INTNODE2434 0.9999986 1.384128e-06 1.718630e-23
488.INTNODE2434 0.9997537 2.462852e-04 3.473909e-24
60.INTNODE2435  0.9997736 2.263899e-04 6.382257e-23
171.INTNODE2435 0.9999994 6.124078e-07 9.887749e-23
202.INTNODE2435 0.9999776 2.236599e-05 4.639447e-23
206.INTNODE2435 0.9999817 1.825494e-05 1.862679e-23
232.INTNODE2435 0.9995162 4.837815e-04 3.629547e-23
261.INTNODE2435 0.9976352 2.364790e-03 2.067913e-24
[1] 9.947258e-01 5.274240e-03 4.919205e-22
[1] "weights"
[1] 9.947258e-01 5.274240e-03 4.919205e-22
[1] "weights"
[1] 9.947258e-01 5.274240e-03 4.919205e-22
[1] "weights"
[1] 9.947258e-01 5.274240e-03 4.919205e-22
[1] "model lnL"
[1] -2840.999
[1] "------------Step 3"
[1] "Running in group mode"
[1] "expon_lambda root  0.00260690329791027"
[1] "staring with p = " "0.2"              
[1] "precision_p  8.08881850389298e-11"
          p_root lambda_weib_root 
     0.670113867      0.002133678 
[1] "Running in group mode"
[1] "expon_lambda root  0.000850451714677996"
[1] "staring with p = " "0.2"              
[1] "precision_p  2.2273072275425e-10"
          p_root lambda_weib_root 
      1.70977244       0.00166152 
[1] "Running in group mode"
[1] "expon_lambda root  0.00098857657750873"
[1] "staring with p = " "0.2"              
[1] "precision_p  3.37307965281493e-20"
          p_root lambda_weib_root 
    2.000000e-01     3.045064e-05 
                     [,1]         [,2]         [,3]
156.INTNODE1247 0.9999942 5.765936e-06 1.669887e-22
240.INTNODE1247 0.9999768 2.320120e-05 1.029042e-22
277.INTNODE1249 0.9999999 8.044606e-08 1.248258e-22
467.INTNODE1354 1.0000000 2.638484e-09 1.076994e-22
7.INTNODE1628   1.0000000 6.760125e-12 6.498788e-22
202.INTNODE1911 1.0000000 6.645446e-10 3.663996e-22
203.INTNODE2046 0.9999999 6.548047e-08 7.948171e-22
202.INTNODE2079 0.9999993 7.465243e-07 2.354033e-22
202.INTNODE2080 1.0000000 4.357428e-10 8.690888e-22
206.INTNODE2084 0.9999877 1.232461e-05 1.625425e-22
52.INTNODE2226  0.9999900 9.985785e-06 2.811205e-22
162.INTNODE2226 1.0000000 4.135747e-08 3.711210e-22
157.INTNODE2228 0.9999996 3.577291e-07 3.727698e-22
290.INTNODE2230 0.9999815 1.847170e-05 5.343061e-22
205.INTNODE2233 1.0000000 7.435512e-11 3.839703e-23
467.INTNODE2283 0.9999903 9.746143e-06 1.664731e-22
99.INTNODE2298  0.9999929 7.125631e-06 2.100842e-22
111.INTNODE2298 0.9998557 1.443148e-04 5.259981e-22
489.INTNODE2301 0.9998353 1.647342e-04 6.185416e-22
3.INTNODE2304   1.0000000 4.197040e-17 2.311925e-25
182.INTNODE2305 0.9999354 6.456704e-05 9.200438e-22
169.INTNODE2394 1.0000000 1.180348e-19 7.293371e-30
199.INTNODE2394 0.9979874 2.012611e-03 4.446675e-22
361.INTNODE2395 0.9304422 6.955779e-02 4.417862e-21
86.INTNODE2399  0.9450846 5.491544e-02 3.317859e-21
289.INTNODE2399 1.0000000 5.096852e-10 7.739003e-24
326.INTNODE2400 1.0000000 3.377447e-08 9.023690e-24
88.INTNODE2401  0.9962824 3.717552e-03 2.952413e-22
97.INTNODE2401  0.9985313 1.468729e-03 4.025305e-22
287.INTNODE2401 0.9893051 1.069492e-02 8.153807e-21
289.INTNODE2401 0.9999984 1.555751e-06 2.516403e-22
16.INTNODE2402  0.8770363 1.229637e-01 3.351388e-21
74.INTNODE2402  0.9980058 1.994170e-03 4.214547e-22
91.INTNODE2404  0.9992761 7.239469e-04 9.722390e-23
155.INTNODE2404 0.9828103 1.718967e-02 1.143804e-21
223.INTNODE2404 0.8742291 1.257709e-01 2.890448e-21
173.INTNODE2405 0.9996305 3.695222e-04 5.469476e-21
12.INTNODE2406  0.9878433 1.215666e-02 2.029124e-22
13.INTNODE2406  0.8637292 1.362708e-01 2.522146e-21
71.INTNODE2406  0.9627955 3.720448e-02 8.445239e-22
142.INTNODE2406 1.0000000 1.238896e-13 4.531048e-31
202.INTNODE2406 1.0000000 7.192577e-10 1.879307e-23
205.INTNODE2406 0.9999997 3.348653e-07 5.236231e-26
206.INTNODE2406 0.9999949 5.131076e-06 4.295447e-25
209.INTNODE2406 0.9870987 1.290126e-02 8.396951e-22
210.INTNODE2406 0.9956957 4.304311e-03 2.213862e-22
418.INTNODE2406 0.9999784 2.164275e-05 5.996698e-23
293.INTNODE2415 0.9973233 2.676654e-03 3.090680e-23
138.INTNODE2416 0.9999464 5.364509e-05 3.545528e-23
240.INTNODE2421 0.9996294 3.705659e-04 4.151479e-21
238.INTNODE2422 1.0000000 1.109459e-29 2.846159e-36
269.INTNODE2423 0.9862658 1.373421e-02 2.898419e-22
311.INTNODE2423 0.9368270 6.317302e-02 6.297963e-22
73.INTNODE2425  0.9997701 2.298698e-04 5.398445e-21
151.INTNODE2425 0.9999999 5.514997e-08 5.328725e-22
207.INTNODE2425 0.9977453 2.254673e-03 8.363529e-23
145.INTNODE2426 0.9995883 4.117299e-04 7.665400e-23
178.INTNODE2426 0.9993844 6.155610e-04 3.061268e-25
88.INTNODE2428  0.9999864 1.356019e-05 7.651512e-23
111.INTNODE2428 0.9999312 6.876982e-05 2.476471e-25
155.INTNODE2428 0.9996524 3.475939e-04 7.183754e-23
470.INTNODE2428 0.9586289 4.137112e-02 5.130334e-22
4.INTNODE2429   0.9853886 1.461137e-02 6.127312e-21
13.INTNODE2429  0.9999771 2.294343e-05 4.509441e-23
90.INTNODE2429  0.9995529 4.471189e-04 3.759068e-22
113.INTNODE2429 0.9991916 8.084407e-04 4.460572e-26
145.INTNODE2429 0.9999478 5.221116e-05 9.394516e-23
171.INTNODE2429 0.9999977 2.343184e-06 1.126667e-22
179.INTNODE2429 0.9999261 7.391552e-05 1.544154e-23
184.INTNODE2429 0.9999655 3.447604e-05 2.333849e-22
186.INTNODE2429 0.9971922 2.807824e-03 1.044616e-24
202.INTNODE2429 0.9999931 6.868077e-06 1.115902e-23
205.INTNODE2429 0.9999797 2.032991e-05 3.431416e-23
289.INTNODE2429 0.9976889 2.311133e-03 7.004199e-23
415.INTNODE2429 0.9959466 4.053394e-03 2.702602e-22
113.INTNODE2433 0.9999964 3.600386e-06 1.950222e-22
292.INTNODE2433 0.9297670 7.023300e-02 2.356276e-21
78.INTNODE2434  0.9858576 1.414235e-02 6.181700e-22
85.INTNODE2434  0.9583927 4.160732e-02 6.506487e-23
169.INTNODE2434 0.9999612 3.879704e-05 9.305954e-27
176.INTNODE2434 0.9999999 8.821185e-08 4.680591e-36
201.INTNODE2434 0.9968574 3.142575e-03 6.888345e-25
238.INTNODE2434 0.9999643 3.573197e-05 2.434076e-23
488.INTNODE2434 0.9982504 1.749643e-03 4.632960e-24
60.INTNODE2435  0.9988184 1.181633e-03 9.392667e-23
171.INTNODE2435 0.9999839 1.610287e-05 1.434926e-22
202.INTNODE2435 0.9997890 2.110309e-04 6.773441e-23
206.INTNODE2435 0.9997664 2.336155e-04 2.657974e-23
232.INTNODE2435 0.9980336 1.966358e-03 5.331876e-23
261.INTNODE2435 0.9924980 7.502008e-03 2.755049e-24
[1] 9.899184e-01 1.008160e-02 7.326373e-22
[1] "weights"
[1] 9.899184e-01 1.008160e-02 7.326373e-22
[1] "weights"
[1] 9.899184e-01 1.008160e-02 7.326373e-22
[1] "weights"
[1] 9.899184e-01 1.008160e-02 7.326373e-22
[1] "model lnL"
[1] -2840.391
[1] "------------Step 4"
[1] "Running in group mode"
[1] "expon_lambda root  0.00263294436603835"
[1] "staring with p = " "0.2"              
[1] "precision_p  7.18500814400613e-11"
          p_root lambda_weib_root 
     0.669098837      0.002163333 
[1] "Running in group mode"
[1] "expon_lambda root  0.000908388094051432"
[1] "staring with p = " "0.2"              
[1] "precision_p  6.08730843509875e-11"
          p_root lambda_weib_root 
     1.634744711      0.001685768 
[1] "Running in group mode"
[1] "expon_lambda root  0.000990954668361322"
[1] "staring with p = " "0.2"              
[1] "precision_p  4.94108805856147e-20"
          p_root lambda_weib_root 
    2.000000e-01     3.116583e-05 
                     [,1]         [,2]         [,3]
156.INTNODE1247 0.9999648 3.522368e-05 2.442916e-22
240.INTNODE1247 0.9998810 1.190031e-04 1.508137e-22
277.INTNODE1249 0.9999990 9.594669e-07 1.798060e-22
467.INTNODE1354 0.9999999 5.854491e-08 1.538155e-22
7.INTNODE1628   1.0000000 3.343207e-10 9.288993e-22
202.INTNODE1911 1.0000000 1.618502e-08 5.354338e-22
203.INTNODE2046 0.9999993 7.116009e-07 1.157284e-21
202.INTNODE2079 0.9999934 6.583148e-06 3.497052e-22
202.INTNODE2080 1.0000000 1.174105e-08 1.269701e-21
206.INTNODE2084 0.9998950 1.050272e-04 2.521413e-22
52.INTNODE2226  0.9998682 1.318002e-04 4.408955e-22
162.INTNODE2226 0.9999987 1.258083e-06 5.729154e-22
157.INTNODE2228 0.9999931 6.915324e-06 5.611714e-22
290.INTNODE2230 0.9998241 1.758697e-04 8.090190e-22
205.INTNODE2233 1.0000000 5.398153e-09 5.467677e-23
467.INTNODE2283 0.9999407 5.926393e-05 2.453691e-22
99.INTNODE2298  0.9999190 8.104627e-05 3.126098e-22
111.INTNODE2298 0.9989919 1.008104e-03 7.947631e-22
489.INTNODE2301 0.9985618 1.438180e-03 9.389761e-22
3.INTNODE2304   1.0000000 4.765795e-14 3.040610e-25
182.INTNODE2305 0.9993556 6.443975e-04 1.402219e-21
169.INTNODE2394 1.0000000 6.059725e-16 8.765743e-30
199.INTNODE2394 0.9918729 8.127070e-03 6.726615e-22
361.INTNODE2395 0.8161592 1.838408e-01 6.059164e-21
86.INTNODE2399  0.8573850 1.426150e-01 4.674474e-21
289.INTNODE2399 1.0000000 3.482411e-08 1.086487e-23
326.INTNODE2400 0.9999989 1.122710e-06 1.281593e-23
88.INTNODE2401  0.9828217 1.717830e-02 4.389782e-22
97.INTNODE2401  0.9922926 7.707370e-03 6.022843e-22
287.INTNODE2401 0.9657232 3.427682e-02 1.230071e-20
289.INTNODE2401 0.9999887 1.127454e-05 3.677316e-22
16.INTNODE2402  0.7752304 2.247696e-01 4.576020e-21
74.INTNODE2402  0.9911746 8.825399e-03 6.285833e-22
91.INTNODE2404  0.9961326 3.867387e-03 1.434137e-22
155.INTNODE2404 0.9527183 4.728169e-02 1.684673e-21
223.INTNODE2404 0.7828480 2.171520e-01 3.986437e-21
173.INTNODE2405 0.9982650 1.735002e-03 8.288714e-21
12.INTNODE2406  0.9609922 3.900784e-02 2.968655e-22
13.INTNODE2406  0.7694358 2.305642e-01 3.466604e-21
71.INTNODE2406  0.9103779 8.962213e-02 1.216809e-21
142.INTNODE2406 1.0000000 6.468971e-11 5.514320e-31
202.INTNODE2406 1.0000000 2.968515e-08 2.644686e-23
205.INTNODE2406 0.9999924 7.585169e-06 7.232092e-26
206.INTNODE2406 0.9999269 7.310061e-05 6.060822e-25
209.INTNODE2406 0.9629268 3.707325e-02 1.244126e-21
210.INTNODE2406 0.9839074 1.609264e-02 3.281483e-22
418.INTNODE2406 0.9997956 2.044440e-04 8.762263e-23
293.INTNODE2415 0.9898283 1.017174e-02 4.524868e-23
138.INTNODE2416 0.9996251 3.749378e-04 5.154216e-23
240.INTNODE2421 0.9985182 1.481836e-03 6.290072e-21
238.INTNODE2422 1.0000000 2.880318e-24 2.835893e-36
269.INTNODE2423 0.9667230 3.327702e-02 4.269860e-22
311.INTNODE2423 0.8829147 1.170853e-01 9.000989e-22
73.INTNODE2425  0.9990682 9.317522e-04 8.145229e-21
151.INTNODE2425 0.9999991 9.381656e-07 7.719347e-22
207.INTNODE2425 0.9930875 6.912512e-03 1.240048e-22
145.INTNODE2426 0.9981696 1.830360e-03 1.124168e-22
178.INTNODE2426 0.9964516 3.548422e-03 4.328256e-25
88.INTNODE2428  0.9999119 8.812107e-05 1.117615e-22
111.INTNODE2428 0.9994740 5.259835e-04 3.492036e-25
155.INTNODE2428 0.9986943 1.305740e-03 1.059364e-22
470.INTNODE2428 0.9247564 7.524361e-02 7.468928e-22
4.INTNODE2429   0.9738345 2.616546e-02 9.254261e-21
13.INTNODE2429  0.9998597 1.403051e-04 6.580413e-23
90.INTNODE2429  0.9984103 1.589708e-03 5.571033e-22
113.INTNODE2429 0.9954495 4.550496e-03 6.227455e-26
145.INTNODE2429 0.9997544 2.456120e-04 1.380366e-22
171.INTNODE2429 0.9999792 2.077103e-05 1.630498e-22
179.INTNODE2429 0.9995790 4.209853e-04 2.231577e-23
184.INTNODE2429 0.9998077 1.923252e-04 3.422853e-22
186.INTNODE2429 0.9891846 1.081539e-02 1.488516e-24
202.INTNODE2429 0.9999452 5.484453e-05 1.607497e-23
205.INTNODE2429 0.9998764 1.236074e-04 4.994712e-23
289.INTNODE2429 0.9930988 6.901161e-03 1.035470e-22
415.INTNODE2429 0.9892114 1.078860e-02 4.002963e-22
113.INTNODE2433 0.9999765 2.347955e-05 2.852849e-22
292.INTNODE2433 0.9108056 8.919440e-02 3.523277e-21
78.INTNODE2434  0.9750861 2.491387e-02 9.202640e-22
85.INTNODE2434  0.9305526 6.944743e-02 9.404387e-23
169.INTNODE2434 0.9996423 3.577069e-04 1.284346e-26
176.INTNODE2434 0.9999936 6.442373e-06 5.478909e-36
201.INTNODE2434 0.9895717 1.042829e-02 9.795835e-25
238.INTNODE2434 0.9998007 1.992557e-04 3.541271e-23
488.INTNODE2434 0.9944056 5.594398e-03 6.681726e-24
60.INTNODE2435  0.9962428 3.757186e-03 1.390550e-22
171.INTNODE2435 0.9999115 8.846702e-05 2.106861e-22
202.INTNODE2435 0.9991616 8.383886e-04 9.976647e-23
206.INTNODE2435 0.9989847 1.015273e-03 3.888317e-23
232.INTNODE2435 0.9941308 5.869181e-03 7.870082e-23
261.INTNODE2435 0.9815946 1.840545e-02 3.953465e-24
[1] 9.793469e-01 2.065306e-02 1.076153e-21
[1] "weights"
[1] 9.793469e-01 2.065306e-02 1.076153e-21
[1] "weights"
[1] 9.793469e-01 2.065306e-02 1.076153e-21
[1] "weights"
[1] 9.793469e-01 2.065306e-02 1.076153e-21
[1] "model lnL"
[1] -2839.317
[1] "------------Step 5"
[1] "Running in group mode"
[1] "expon_lambda root  0.00268163443934419"
[1] "staring with p = " "0.2"              
[1] "precision_p  3.81419340556022e-11"
          p_root lambda_weib_root 
     0.667717197      0.002218847 
[1] "Running in group mode"
[1] "expon_lambda root  0.000949542391275267"
[1] "staring with p = " "0.2"              
[1] "precision_p  4.91802154556353e-11"
          p_root lambda_weib_root 
     1.573964822      0.001669182 
[1] "Running in group mode"
[1] "expon_lambda root  0.00100019289257142"
[1] "staring with p = " "0.2"              
[1] "precision_p  7.11802189169746e-20"
          p_root lambda_weib_root 
    2.000000e-01     3.378778e-05 
                     [,1]         [,2]         [,3]
156.INTNODE1247 0.9998825 1.174639e-04 3.585825e-22
240.INTNODE1247 0.9996339 3.661225e-04 2.217432e-22
277.INTNODE1249 0.9999958 4.229376e-06 2.618901e-22
467.INTNODE1354 0.9999997 3.345328e-07 2.234908e-22
7.INTNODE1628   1.0000000 2.772623e-09 1.340542e-21
202.INTNODE1911 0.9999999 9.976429e-08 7.765676e-22
203.INTNODE2046 0.9999969 3.095147e-06 1.689545e-21
202.INTNODE2079 0.9999738 2.617016e-05 5.134872e-22
202.INTNODE2080 0.9999999 7.599178e-08 1.849571e-21
206.INTNODE2084 0.9995817 4.182635e-04 3.772830e-22
52.INTNODE2226  0.9993681 6.319293e-04 6.715761e-22
162.INTNODE2226 0.9999914 8.613974e-06 8.659193e-22
157.INTNODE2228 0.9999621 3.791082e-05 8.465721e-22
290.INTNODE2230 0.9992874 7.126467e-04 1.224871e-21
205.INTNODE2233 1.0000000 4.949935e-08 8.067466e-23
467.INTNODE2283 0.9998022 1.978363e-04 3.615364e-22
99.INTNODE2298  0.9996548 3.451794e-04 4.719880e-22
111.INTNODE2298 0.9964714 3.528552e-03 1.206754e-21
489.INTNODE2301 0.9945398 5.460240e-03 1.442523e-21
3.INTNODE2304   1.0000000 1.273016e-12 4.399112e-25
182.INTNODE2305 0.9973870 2.613030e-03 2.159423e-21
169.INTNODE2394 1.0000000 2.633388e-14 1.233858e-29
199.INTNODE2394 0.9775253 2.247467e-02 1.007093e-21
361.INTNODE2395 0.6413620 3.586380e-01 7.462068e-21
86.INTNODE2399  0.7129740 2.870260e-01 6.064163e-21
289.INTNODE2399 0.9999997 2.953481e-07 1.623505e-23
326.INTNODE2400 0.9999930 7.037318e-06 1.925826e-23
88.INTNODE2401  0.9522760 4.772399e-02 6.572410e-22
97.INTNODE2401  0.9770053 2.299467e-02 9.151968e-22
287.INTNODE2401 0.9159597 8.404034e-02 1.817100e-20
289.INTNODE2401 0.9999593 4.068816e-05 5.388572e-22
16.INTNODE2402  0.6207846 3.792154e-01 5.724156e-21
74.INTNODE2402  0.9754474 2.455261e-02 9.551394e-22
91.INTNODE2404  0.9884982 1.150183e-02 2.186718e-22
155.INTNODE2404 0.8946451 1.053549e-01 2.454359e-21
223.INTNODE2404 0.6379886 3.620114e-01 5.067105e-21
173.INTNODE2405 0.9948019 5.198145e-03 1.278158e-20
12.INTNODE2406  0.9086489 9.135109e-02 4.341745e-22
13.INTNODE2406  0.6209209 3.790791e-01 4.364321e-21
71.INTNODE2406  0.8175992 1.824008e-01 1.698291e-21
142.INTNODE2406 1.0000000 1.026888e-09 7.895059e-31
202.INTNODE2406 0.9999998 2.101874e-07 3.895436e-23
205.INTNODE2406 0.9999616 3.836460e-05 1.065455e-25
206.INTNODE2406 0.9996893 3.107033e-04 9.065092e-25
209.INTNODE2406 0.9149593 8.504070e-02 1.829371e-21
210.INTNODE2406 0.9587270 4.127305e-02 4.929454e-22
418.INTNODE2406 0.9992248 7.751937e-04 1.337955e-22
293.INTNODE2415 0.9739198 2.608022e-02 6.821943e-23
138.INTNODE2416 0.9987430 1.256973e-03 7.859120e-23
240.INTNODE2421 0.9957924 4.207593e-03 9.697495e-21
238.INTNODE2422 1.0000000 5.383905e-22 3.737289e-36
269.INTNODE2423 0.9282493 7.175069e-02 6.294026e-22
311.INTNODE2423 0.7862795 2.137205e-01 1.245291e-21
73.INTNODE2425  0.9973285 2.671537e-03 1.255806e-20
151.INTNODE2425 0.9999952 4.776745e-06 1.171803e-21
207.INTNODE2425 0.9832140 1.678600e-02 1.836055e-22
145.INTNODE2426 0.9948490 5.150980e-03 1.714857e-22
178.INTNODE2426 0.9897226 1.027740e-02 6.524869e-25
88.INTNODE2428  0.9997044 2.956058e-04 1.653731e-22
111.INTNODE2428 0.9982720 1.727999e-03 5.187085e-25
155.INTNODE2428 0.9965178 3.482192e-03 1.566712e-22
470.INTNODE2428 0.8586616 1.413384e-01 1.073367e-21
4.INTNODE2429   0.9470855 5.291450e-02 1.399354e-20
13.INTNODE2429  0.9995438 4.562475e-04 9.719221e-23
90.INTNODE2429  0.9957798 4.220195e-03 8.524251e-22
113.INTNODE2429 0.9871606 1.283943e-02 9.353314e-26
145.INTNODE2429 0.9992734 7.265875e-04 2.034380e-22
171.INTNODE2429 0.9999203 7.974288e-05 2.481632e-22
179.INTNODE2429 0.9986937 1.306270e-03 3.387949e-23
184.INTNODE2429 0.9993864 6.136075e-04 5.234651e-22
186.INTNODE2429 0.9729905 2.700950e-02 2.233955e-24
202.INTNODE2429 0.9998042 1.957737e-04 2.363961e-23
205.INTNODE2429 0.9995996 4.003587e-04 7.358229e-23
289.INTNODE2429 0.9834774 1.652259e-02 1.530634e-22
415.INTNODE2429 0.9750524 2.494760e-02 6.090009e-22
113.INTNODE2433 0.9999193 8.071185e-05 4.185656e-22
292.INTNODE2433 0.8492368 1.507632e-01 5.109464e-21
78.INTNODE2434  0.9504778 4.952225e-02 1.386878e-21
85.INTNODE2434  0.8732248 1.267752e-01 1.361650e-22
169.INTNODE2434 0.9987751 1.224883e-03 1.878272e-26
176.INTNODE2434 0.9999601 3.994369e-05 7.825516e-36
201.INTNODE2434 0.9751656 2.483436e-02 1.470538e-24
238.INTNODE2434 0.9993800 6.199588e-04 5.214068e-23
488.INTNODE2434 0.9864333 1.356671e-02 1.011328e-23
60.INTNODE2435  0.9906800 9.319973e-03 2.063278e-22
171.INTNODE2435 0.9997187 2.812541e-04 3.102163e-22
202.INTNODE2435 0.9977057 2.294271e-03 1.473340e-22
206.INTNODE2435 0.9971671 2.832949e-03 5.761363e-23
232.INTNODE2435 0.9859435 1.405649e-02 1.162041e-22
261.INTNODE2435 0.9602066 3.979337e-02 5.919137e-24
[1] 9.601943e-01 3.980566e-02 1.555141e-21
[1] "weights"
[1] 9.601943e-01 3.980566e-02 1.555141e-21
[1] "weights"
[1] 9.601943e-01 3.980566e-02 1.555141e-21
[1] "weights"
[1] 9.601943e-01 3.980566e-02 1.555141e-21
[1] "model lnL"
[1] -2837.643
[1] "------------Step 6"
[1] "Running in group mode"
[1] "expon_lambda root  0.00275972077613846"
[1] "staring with p = " "0.2"              
[1] "precision_p  3.29691829392686e-12"
          p_root lambda_weib_root 
     0.666484240      0.002308423 
[1] "Running in group mode"
[1] "expon_lambda root  0.000986667628852411"
[1] "staring with p = " "0.2"              
[1] "precision_p  6.43218811546831e-11"
          p_root lambda_weib_root 
     1.497657523      0.001616598 
[1] "Running in group mode"
[1] "expon_lambda root  0.00101556371153788"
[1] "staring with p = " "0.2"              
[1] "precision_p  1.01503150927109e-19"
          p_root lambda_weib_root 
    2.000000e-01     3.855625e-05 
                     [,1]         [,2]         [,3]
156.INTNODE1247 0.9996900 3.100041e-04 5.243685e-22
240.INTNODE1247 0.9990937 9.063282e-04 3.249035e-22
277.INTNODE1249 0.9999867 1.332205e-05 3.810036e-22
467.INTNODE1354 0.9999988 1.246879e-06 3.255138e-22
7.INTNODE1628   1.0000000 1.393009e-08 1.925156e-21
202.INTNODE1911 0.9999996 4.139222e-07 1.108916e-21
203.INTNODE2046 0.9999899 1.008458e-05 2.452725e-21
202.INTNODE2079 0.9999199 8.011895e-05 7.433684e-22
202.INTNODE2080 0.9999997 3.290731e-07 2.666737e-21
206.INTNODE2084 0.9986805 1.319486e-03 5.507297e-22
52.INTNODE2226  0.9977316 2.268402e-03 1.009726e-21
162.INTNODE2226 0.9999606 3.935252e-05 1.296660e-21
157.INTNODE2228 0.9998566 1.434336e-04 1.285872e-21
290.INTNODE2230 0.9977956 2.204377e-03 1.866198e-21
205.INTNODE2233 0.9999998 2.452140e-07 1.216667e-22
467.INTNODE2283 0.9994748 5.252129e-04 5.300599e-22
99.INTNODE2298  0.9989318 1.068216e-03 7.240880e-22
111.INTNODE2298 0.9902390 9.760970e-03 1.851001e-21
489.INTNODE2301 0.9841103 1.588968e-02 2.258645e-21
3.INTNODE2304   1.0000000 1.122123e-11 6.735604e-25
182.INTNODE2305 0.9919128 8.087156e-03 3.393710e-21
169.INTNODE2394 1.0000000 2.502743e-13 1.895771e-29
199.INTNODE2394 0.9475680 5.243197e-02 1.492929e-21
361.INTNODE2395 0.4355127 5.644873e-01 8.130704e-21
86.INTNODE2399  0.5232629 4.767371e-01 7.106987e-21
289.INTNODE2399 0.9999987 1.320727e-06 2.541500e-23
326.INTNODE2400 0.9999741 2.590558e-05 3.025239e-23
88.INTNODE2401  0.8931491 1.068509e-01 9.851306e-22
97.INTNODE2401  0.9445695 5.543053e-02 1.411578e-21
287.INTNODE2401 0.8190098 1.809902e-01 2.596111e-20
289.INTNODE2401 0.9998857 1.142879e-04 7.859336e-22
16.INTNODE2402  0.4396901 5.603099e-01 6.520309e-21
74.INTNODE2402  0.9429219 5.707805e-02 1.477517e-21
91.INTNODE2404  0.9725742 2.742576e-02 3.442896e-22
155.INTNODE2404 0.7940618 2.059382e-01 3.493397e-21
223.INTNODE2404 0.4626469 5.373531e-01 5.902681e-21
173.INTNODE2405 0.9862097 1.379033e-02 2.024150e-20
12.INTNODE2406  0.8196705 1.803295e-01 6.283452e-22
13.INTNODE2406  0.4444928 5.555072e-01 5.014739e-21
71.INTNODE2406  0.6773607 3.226393e-01 2.259451e-21
142.INTNODE2406 1.0000000 4.790975e-09 1.245228e-30
202.INTNODE2406 0.9999991 8.621036e-07 5.904119e-23
205.INTNODE2406 0.9998898 1.101854e-04 1.633744e-25
206.INTNODE2406 0.9991632 8.368265e-04 1.414700e-24
209.INTNODE2406 0.8288295 1.711705e-01 2.643314e-21
210.INTNODE2406 0.9105990 8.940105e-02 7.472634e-22
418.INTNODE2406 0.9978224 2.177573e-03 2.131495e-22
293.INTNODE2415 0.9442287 5.577135e-02 1.054146e-22
138.INTNODE2416 0.9967239 3.276050e-03 1.252801e-22
240.INTNODE2421 0.9889785 1.102146e-02 1.536121e-20
238.INTNODE2422 1.0000000 9.808868e-21 5.698837e-36
269.INTNODE2423 0.8603200 1.396800e-01 9.213268e-22
311.INTNODE2423 0.6447842 3.552158e-01 1.644564e-21
73.INTNODE2425  0.9929097 7.090319e-03 1.996917e-20
151.INTNODE2425 0.9999824 1.757413e-05 1.858213e-21
207.INTNODE2425 0.9650250 3.497503e-02 2.705644e-22
145.INTNODE2426 0.9877572 1.224282e-02 2.717340e-22
178.INTNODE2426 0.9781253 2.187467e-02 1.034933e-24
88.INTNODE2428  0.9992325 7.674624e-04 2.462534e-22
111.INTNODE2428 0.9960867 3.913324e-03 7.977987e-25
155.INTNODE2428 0.9922528 7.747190e-03 2.312904e-22
470.INTNODE2428 0.7504945 2.495055e-01 1.504125e-21
4.INTNODE2429   0.8899452 1.100548e-01 2.111824e-20
13.INTNODE2429  0.9988542 1.145849e-03 1.442168e-22
90.INTNODE2429  0.9897907 1.020932e-02 1.349930e-21
113.INTNODE2429 0.9738346 2.616537e-02 1.486135e-25
145.INTNODE2429 0.9982520 1.748011e-03 2.990014e-22
171.INTNODE2429 0.9997596 2.403873e-04 3.957944e-22
179.INTNODE2429 0.9967444 3.255616e-03 5.372790e-23
184.INTNODE2429 0.9983354 1.664628e-03 8.352303e-22
186.INTNODE2429 0.9458831 5.411694e-02 3.493680e-24
202.INTNODE2429 0.9994938 5.062096e-04 3.506712e-23
205.INTNODE2429 0.9990025 9.975238e-04 1.087738e-22
289.INTNODE2429 0.9660833 3.391675e-02 2.253044e-22
415.INTNODE2429 0.9460841 5.391590e-02 9.500747e-22
113.INTNODE2433 0.9997818 2.182012e-04 6.115719e-22
292.INTNODE2433 0.7353648 2.646352e-01 7.114849e-21
78.INTNODE2434  0.9002636 9.973635e-02 2.106061e-21
85.INTNODE2434  0.7788084 2.211916e-01 1.952598e-22
169.INTNODE2434 0.9973660 2.633968e-03 2.834475e-26
176.INTNODE2434 0.9999170 8.301504e-05 1.257761e-35
201.INTNODE2434 0.9508595 4.914045e-02 2.303422e-24
238.INTNODE2434 0.9985062 1.493848e-03 7.699857e-23
488.INTNODE2434 0.9714105 2.858946e-02 1.594172e-23
60.INTNODE2435  0.9801297 1.987031e-02 3.058371e-22
171.INTNODE2435 0.9992831 7.169051e-04 4.553843e-22
202.INTNODE2435 0.9948029 5.197058e-03 2.170357e-22
206.INTNODE2435 0.9936290 6.371037e-03 8.589034e-23
232.INTNODE2435 0.9712093 2.879067e-02 1.708357e-22
261.INTNODE2435 0.9226481 7.735189e-02 9.148813e-24
[1] 9.309909e-01 6.900914e-02 2.224616e-21
[1] "weights"
[1] 9.309909e-01 6.900914e-02 2.224616e-21
[1] "weights"
[1] 9.309909e-01 6.900914e-02 2.224616e-21
[1] "weights"
[1] 9.309909e-01 6.900914e-02 2.224616e-21
[1] "model lnL"
[1] -2835.46
[1] "------------Step 7"
[1] "Running in group mode"
[1] "expon_lambda root  0.00286848985393231"
[1] "staring with p = " "0.2"              
[1] "precision_p  8.5265128291212e-13"
          p_root lambda_weib_root 
     0.666477652      0.002434589 
[1] "Running in group mode"
[1] "expon_lambda root  0.00102447611640953"
[1] "staring with p = " "0.2"              
[1] "precision_p  5.66551250358316e-11"
          p_root lambda_weib_root 
     1.392873193      0.001527211 
[1] "Running in group mode"
[1] "expon_lambda root  0.00103603941633396"
[1] "staring with p = " "0.2"              
[1] "precision_p  1.46182991693679e-19"
          p_root lambda_weib_root 
     2.00000e-01      4.55296e-05 
                     [,1]         [,2]         [,3]
156.INTNODE1247 0.9992492 7.508158e-04 7.675481e-22
240.INTNODE1247 0.9979754 2.024594e-03 4.763957e-22
277.INTNODE1249 0.9999611 3.892697e-05 5.552253e-22
467.INTNODE1354 0.9999956 4.362355e-06 4.761674e-22
7.INTNODE1628   0.9999999 7.099242e-08 2.762877e-21
202.INTNODE1911 0.9999983 1.715863e-06 1.569065e-21
203.INTNODE2046 0.9999682 3.183873e-05 3.562866e-21
202.INTNODE2079 0.9997655 2.344600e-04 1.068705e-21
202.INTNODE2080 0.9999986 1.441739e-06 3.832468e-21
206.INTNODE2084 0.9959577 4.042253e-03 7.926021e-22
52.INTNODE2226  0.9920380 7.962023e-03 1.514179e-21
162.INTNODE2226 0.9998185 1.814928e-04 1.946862e-21
157.INTNODE2228 0.9994784 5.215769e-04 1.985408e-21
290.INTNODE2230 0.9935723 6.427678e-03 2.887762e-21
205.INTNODE2233 0.9999989 1.129561e-06 1.878202e-22
467.INTNODE2283 0.9987167 1.283297e-03 7.774999e-22
99.INTNODE2298  0.9969628 3.037225e-03 1.137637e-21
111.INTNODE2298 0.9751613 2.483867e-02 2.886190e-21
489.INTNODE2301 0.9576436 4.235643e-02 3.616922e-21
3.INTNODE2304   1.0000000 8.626664e-11 1.079130e-24
182.INTNODE2305 0.9764829 2.351707e-02 5.487512e-21
169.INTNODE2394 1.0000000 1.663049e-12 3.075153e-29
199.INTNODE2394 0.8910071 1.089929e-01 2.186286e-21
361.INTNODE2395 0.2591661 7.408339e-01 8.108975e-21
86.INTNODE2399  0.3390171 6.609829e-01 7.669213e-21
289.INTNODE2399 0.9999948 5.213040e-06 4.170625e-23
326.INTNODE2400 0.9999169 8.313341e-05 4.978561e-23
88.INTNODE2401  0.7949544 2.050456e-01 1.468372e-21
97.INTNODE2401  0.8821405 1.178595e-01 2.203279e-21
287.INTNODE2401 0.6591086 3.408914e-01 3.493609e-20
289.INTNODE2401 0.9997007 2.992532e-04 1.146838e-21
16.INTNODE2402  0.2827823 7.172177e-01 7.081197e-21
74.INTNODE2402  0.8816624 1.183376e-01 2.323509e-21
91.INTNODE2404  0.9421802 5.781985e-02 5.618969e-22
155.INTNODE2404 0.6508021 3.491979e-01 4.825604e-21
223.INTNODE2404 0.3058729 6.941271e-01 6.582896e-21
173.INTNODE2405 0.9641843 3.581568e-02 3.324700e-20
12.INTNODE2406  0.6956976 3.043024e-01 8.994896e-22
13.INTNODE2406  0.2901060 7.098940e-01 5.510938e-21
71.INTNODE2406  0.5124268 4.875732e-01 2.884185e-21
142.INTNODE2406 1.0000000 1.411974e-08 2.092646e-30
202.INTNODE2406 0.9999968 3.208122e-06 9.214498e-23
205.INTNODE2406 0.9997554 2.445668e-04 2.585461e-25
206.INTNODE2406 0.9981839 1.816143e-03 2.297648e-24
209.INTNODE2406 0.6992416 3.007584e-01 3.725308e-21
210.INTNODE2406 0.8302667 1.697333e-01 1.140581e-21
418.INTNODE2406 0.9944726 5.527377e-03 3.570935e-22
293.INTNODE2415 0.8961095 1.038905e-01 1.674034e-22
138.INTNODE2416 0.9922711 7.728893e-03 2.102787e-22
240.INTNODE2421 0.9710771 2.892289e-02 2.529497e-20
238.INTNODE2422 1.0000000 1.010615e-19 9.390599e-36
269.INTNODE2423 0.7598841 2.401159e-01 1.339751e-21
311.INTNODE2423 0.4862931 5.137069e-01 2.105001e-21
73.INTNODE2425  0.9809489 1.905109e-02 3.320688e-20
151.INTNODE2425 0.9999354 6.461707e-05 3.114256e-21
207.INTNODE2425 0.9363250 6.367504e-02 3.984316e-22
145.INTNODE2426 0.9733392 2.666076e-02 4.503173e-22
178.INTNODE2426 0.9623779 3.762211e-02 1.728426e-24
88.INTNODE2428  0.9982105 1.789456e-03 3.706476e-22
111.INTNODE2428 0.9929758 7.024199e-03 1.265863e-24
155.INTNODE2428 0.9848005 1.519949e-02 3.422047e-22
470.INTNODE2428 0.6100832 3.899168e-01 2.063317e-21
4.INTNODE2429   0.7803685 2.196315e-01 3.136737e-20
13.INTNODE2429  0.9974557 2.544256e-03 2.156900e-22
90.INTNODE2429  0.9761307 2.386926e-02 2.233508e-21
113.INTNODE2429 0.9580330 4.196701e-02 2.496772e-25
145.INTNODE2429 0.9962276 3.772442e-03 4.401201e-22
171.INTNODE2429 0.9992977 7.023282e-04 6.681475e-22
179.INTNODE2429 0.9926408 7.359231e-03 8.952449e-23
184.INTNODE2429 0.9956036 4.396420e-03 1.406341e-21
186.INTNODE2429 0.9094335 9.056654e-02 5.717377e-24
202.INTNODE2429 0.9988740 1.126050e-03 5.249208e-23
205.INTNODE2429 0.9978143 2.185721e-03 1.617595e-22
289.INTNODE2429 0.9394710 6.052899e-02 3.316650e-22
415.INTNODE2429 0.8913140 1.086860e-01 1.520920e-21
113.INTNODE2433 0.9994554 5.446064e-04 8.942661e-22
292.INTNODE2433 0.5730699 4.269301e-01 9.404751e-21
78.INTNODE2434  0.8097575 1.902425e-01 3.202380e-21
85.INTNODE2434  0.6563886 3.436114e-01 2.792678e-22
169.INTNODE2434 0.9958555 4.144547e-03 4.364982e-26
176.INTNODE2434 0.9999153 8.472415e-05 2.163898e-35
201.INTNODE2434 0.9176207 8.237928e-02 3.777056e-24
238.INTNODE2434 0.9968645 3.135546e-03 1.142706e-22
488.INTNODE2434 0.9464821 5.351790e-02 2.625097e-23
60.INTNODE2435  0.9625822 3.741775e-02 4.549240e-22
171.INTNODE2435 0.9983354 1.664588e-03 6.697303e-22
202.INTNODE2435 0.9895909 1.040907e-02 3.201434e-22
206.INTNODE2435 0.9875632 1.243678e-02 1.292094e-22
232.INTNODE2435 0.9488523 5.114768e-02 2.510828e-22
261.INTNODE2435 0.8676976 1.323024e-01 1.463876e-23
[1] 8.931412e-01 1.068588e-01 3.207360e-21
[1] "weights"
[1] 8.931412e-01 1.068588e-01 3.207360e-21
[1] "weights"
[1] 8.931412e-01 1.068588e-01 3.207360e-21
[1] "weights"
