[1] "Initial parameters:"
           lambda        p
[1,] 0.0039104268 7.429271
[2,] 0.0001190608 3.893496
[3,] 0.0343905793 5.269452
[1] 0.3333333 0.3333333 0.3333333
[1] "------------Step 1"
[1] "Running in group mode"
[1] "expon_lambda root  0.00246999102259619"
[1] "staring with p = " "0.2"              
[1] "precision_p  6.77269895277277e-07"
          p_root lambda_weib_root 
     0.762722123      0.002175145 
[1] "Running in group mode"
[1] "expon_lambda root  0.0010465329141967"
[1] "staring with p = " "0.2"              
[1] "precision_p  1.14162599373913e-08"
          p_root lambda_weib_root 
     1.643631011      0.001423367 
[1] "Running in group mode"
[1] "expon_lambda root  0.0073538995694426"
[1] "staring with p = " "0.2"              
[1] "precision_p  7.59149997975328e-07"
          p_root lambda_weib_root 
     0.782532271      0.004872323 
                        [,1]          [,2]          [,3]
156.INTNODE1247 9.922056e-01  1.233765e-04  7.671015e-03
240.INTNODE1247 1.291262e-08  3.437123e-14  1.000000e+00
277.INTNODE1249 2.198800e-23  1.892764e-28  1.000000e+00
467.INTNODE1354 1.475433e-26  4.131896e-33  1.000000e+00
7.INTNODE1628   9.029476e-36  9.630272e-35  1.000000e+00
202.INTNODE1911 1.298421e-27  7.515424e-26  1.000000e+00
203.INTNODE2046 6.864956e-19  2.508932e-17  1.000000e+00
202.INTNODE2079 1.530457e-17  5.656336e-18  1.000000e+00
202.INTNODE2080 3.286522e-28  1.856642e-25  1.000000e+00
206.INTNODE2084 1.112606e-16  2.544035e-17  1.000000e+00
52.INTNODE2226  8.375427e-22  1.580841e-25  1.000000e+00
162.INTNODE2226 1.042197e-30  5.914938e-34  1.000000e+00
157.INTNODE2228 1.197869e-20  6.816351e-28  1.000000e+00
290.INTNODE2230 3.058308e-01  1.350935e-07  6.941691e-01
205.INTNODE2233 2.587388e-15  3.182447e-32  1.000000e+00
467.INTNODE2283 6.512659e-15  7.479515e-19  1.000000e+00
99.INTNODE2298  1.000000e+00  2.254340e-12 2.538499e-128
111.INTNODE2298 1.000000e+00  2.053237e-09 6.384236e-159
489.INTNODE2301 1.000000e+00  1.239163e-13  0.000000e+00
3.INTNODE2304   1.000000e+00  1.923925e-42  0.000000e+00
182.INTNODE2305 1.000000e+00  3.513738e-12  0.000000e+00
169.INTNODE2394 1.000000e+00  2.043021e-80  0.000000e+00
199.INTNODE2394 9.999998e-01  1.865866e-07 5.795158e-180
361.INTNODE2395 1.000000e+00  4.427810e-08  0.000000e+00
86.INTNODE2399  1.000000e+00  1.564935e-08  0.000000e+00
289.INTNODE2399 1.000000e+00  6.443304e-31  0.000000e+00
326.INTNODE2400 1.000000e+00  4.169681e-30  0.000000e+00
88.INTNODE2401  1.000000e+00  2.436939e-18  0.000000e+00
97.INTNODE2401  1.000000e+00  3.239288e-17  0.000000e+00
287.INTNODE2401 9.999988e-01  1.162835e-06  0.000000e+00
289.INTNODE2401 1.680539e-16  8.125914e-19  1.000000e+00
16.INTNODE2402  1.000000e+00  3.365866e-10  0.000000e+00
74.INTNODE2402  1.000000e+00  5.766452e-18  0.000000e+00
91.INTNODE2404  1.000000e+00  2.104358e-23  0.000000e+00
155.INTNODE2404 1.000000e+00  1.946175e-14  0.000000e+00
223.INTNODE2404 1.000000e+00  1.313157e-10  0.000000e+00
173.INTNODE2405 1.000000e+00  1.993257e-09  0.000000e+00
12.INTNODE2406  1.000000e+00  2.168325e-20  0.000000e+00
13.INTNODE2406  1.000000e+00  1.105435e-10  0.000000e+00
71.INTNODE2406  1.000000e+00  2.652553e-15  0.000000e+00
142.INTNODE2406 1.000000e+00  2.444805e-92  0.000000e+00
202.INTNODE2406 1.000000e+00  1.098614e-21  0.000000e+00
205.INTNODE2406 1.000000e+00  2.527926e-42  0.000000e+00
206.INTNODE2406 1.000000e+00  4.207367e-38  0.000000e+00
209.INTNODE2406 1.000000e+00  2.513975e-14  0.000000e+00
210.INTNODE2406 1.000000e+00  2.315463e-19  0.000000e+00
418.INTNODE2406 1.000000e+00  2.518997e-25  0.000000e+00
293.INTNODE2415 1.000000e+00  1.360259e-25  0.000000e+00
138.INTNODE2416 1.000000e+00  1.133209e-26  0.000000e+00
240.INTNODE2421 1.000000e+00  2.826529e-09  0.000000e+00
238.INTNODE2422 1.000000e+00 1.454342e-136  0.000000e+00
269.INTNODE2423 1.000000e+00  2.887324e-15  0.000000e+00
311.INTNODE2423 1.000000e+00  5.673474e-16  0.000000e+00
73.INTNODE2425  1.000000e+00  1.327601e-08  0.000000e+00
151.INTNODE2425 1.000000e+00  1.879565e-17  0.000000e+00
207.INTNODE2425 1.000000e+00  2.741343e-10  0.000000e+00
145.INTNODE2426 1.000000e+00  2.279613e-22  0.000000e+00
178.INTNODE2426 1.000000e+00  3.142084e-42  0.000000e+00
88.INTNODE2428  1.000000e+00  1.062314e-10  0.000000e+00
111.INTNODE2428 1.000000e+00  1.410051e-36  0.000000e+00
155.INTNODE2428 1.000000e+00  6.007893e-09 2.724336e-311
470.INTNODE2428 1.000000e+00  6.090144e-15  0.000000e+00
4.INTNODE2429   9.987054e-01  1.294625e-03  0.000000e+00
13.INTNODE2429  1.000000e+00  1.302005e-11  0.000000e+00
90.INTNODE2429  1.000000e+00  6.337568e-13  0.000000e+00
113.INTNODE2429 1.000000e+00  1.653480e-45  0.000000e+00
145.INTNODE2429 9.999995e-01  4.837897e-07  1.126670e-31
171.INTNODE2429 1.000000e+00  1.712732e-18  0.000000e+00
179.INTNODE2429 1.000000e+00  1.302277e-23  0.000000e+00
184.INTNODE2429 1.000000e+00  1.718653e-15  0.000000e+00
186.INTNODE2429 1.000000e+00  3.781323e-34  0.000000e+00
202.INTNODE2429 1.000000e+00  1.366703e-16  0.000000e+00
205.INTNODE2429 1.000000e+00  7.897371e-12  0.000000e+00
289.INTNODE2429 1.000000e+00  1.269533e-10  0.000000e+00
415.INTNODE2429 1.000000e+00  6.815014e-15  0.000000e+00
113.INTNODE2433 1.225337e-14  6.079110e-18  1.000000e+00
292.INTNODE2433 9.789028e-06  9.999902e-01  0.000000e+00
78.INTNODE2434  2.149225e-03  9.978508e-01  0.000000e+00
85.INTNODE2434  9.999976e-01  2.363322e-06  0.000000e+00
169.INTNODE2434 1.000000e+00  8.420034e-44  0.000000e+00
176.INTNODE2434 1.000000e+00 5.162931e-113  0.000000e+00
201.INTNODE2434 1.000000e+00  3.994998e-22  0.000000e+00
238.INTNODE2434 1.000000e+00  1.079786e-12  0.000000e+00
488.INTNODE2434 1.000000e+00  7.353748e-15  0.000000e+00
60.INTNODE2435  1.000000e+00  8.451923e-10  0.000000e+00
171.INTNODE2435 9.999856e-01  1.437310e-05  1.332557e-38
202.INTNODE2435 1.000000e+00  1.491454e-08 1.722551e-133
206.INTNODE2435 1.000000e+00  2.597879e-14  0.000000e+00
232.INTNODE2435 1.000000e+00  8.772914e-11  0.000000e+00
261.INTNODE2435 6.023953e-12  1.000000e+00  0.000000e+00
[1] 0.78109869 0.03332531 0.18557600
[1] "weights"
[1] 0.78109869 0.03332531 0.18557600
[1] "weights"
[1] 0.78109869 0.03332531 0.18557600
[1] "weights"
[1] 0.78109869 0.03332531 0.18557600
[1] "model lnL"
[1] -2809.667
[1] "------------Step 2"
[1] "Running in group mode"
[1] "expon_lambda root  0.00196490291371206"
[1] "staring with p = " "0.2"              
[1] "precision_p  1.34718902700115e-11"
          p_root lambda_weib_root 
     0.652235248      0.001376576 
[1] "Running in group mode"
[1] "expon_lambda root  0.000887055140270945"
[1] "staring with p = " "0.2"              
[1] "precision_p  1.24281029911799e-10"
          p_root lambda_weib_root 
     1.471949410      0.001435392 
[1] "Running in group mode"
[1] "expon_lambda root  0.00744474499805454"
[1] "staring with p = " "0.2"              
[1] "precision_p  1.47508671943797e-11"
          p_root lambda_weib_root 
     0.808783279      0.008239229 
                        [,1]         [,2]         [,3]
156.INTNODE1247 6.143374e-01 1.069135e-04 0.3855556620
240.INTNODE1247 6.229351e-01 3.034216e-04 0.3767614356
277.INTNODE1249 4.520073e-01 2.607750e-06 0.5479900645
467.INTNODE1354 3.971731e-01 1.510921e-07 0.6028267079
7.INTNODE1628   3.905690e-01 1.738946e-09 0.6094310183
202.INTNODE1911 5.399787e-01 8.927679e-08 0.4600211786
203.INTNODE2046 5.930675e-01 3.756596e-06 0.4069287565
202.INTNODE2079 6.998770e-01 2.647615e-05 0.3000965645
202.INTNODE2080 5.993384e-01 7.462173e-08 0.4006614984
206.INTNODE2084 9.204316e-01 2.970751e-04 0.0792712951
52.INTNODE2226  9.703710e-01 2.497837e-04 0.0293792076
162.INTNODE2226 9.490779e-01 3.367658e-06 0.0509187101
157.INTNODE2228 9.298809e-01 1.870231e-05 0.0701004136
290.INTNODE2230 9.514015e-01 4.610769e-04 0.0481373794
205.INTNODE2233 6.112191e-01 1.180136e-08 0.3887808466
467.INTNODE2283 6.824801e-01 1.777250e-04 0.3173422236
99.INTNODE2298  9.331237e-01 1.963135e-04 0.0666800294
111.INTNODE2298 9.663434e-01 2.468318e-03 0.0311882952
489.INTNODE2301 9.870641e-01 2.960497e-03 0.0099753574
3.INTNODE2304   1.310928e-01 1.608785e-14 0.8689071902
182.INTNODE2305 9.903993e-01 1.529418e-03 0.0080713203
169.INTNODE2394 2.206374e-03 6.528581e-19 0.9977936255
199.INTNODE2394 9.447274e-01 1.872748e-02 0.0365451323
361.INTNODE2395 6.618453e-01 3.369734e-01 0.0011813417
86.INTNODE2399  7.091770e-01 2.890086e-01 0.0018144031
289.INTNODE2399 8.067029e-01 6.435088e-08 0.1932970425
326.INTNODE2400 8.743591e-01 1.971720e-06 0.1256389004
88.INTNODE2401  9.591358e-01 3.332303e-02 0.0075411789
97.INTNODE2401  9.751241e-01 1.695741e-02 0.0079184989
287.INTNODE2401 8.859878e-01 1.121005e-01 0.0019116762
289.INTNODE2401 6.026198e-01 3.943363e-05 0.3973407587
16.INTNODE2402  5.235617e-01 4.755745e-01 0.0008637586
74.INTNODE2402  9.709276e-01 2.291113e-02 0.0061613123
91.INTNODE2404  9.799637e-01 8.712373e-03 0.0113239137
155.INTNODE2404 8.646914e-01 1.324416e-01 0.0028670033
223.INTNODE2404 5.179505e-01 4.811259e-01 0.0009235749
173.INTNODE2405 9.881775e-01 9.020241e-03 0.0028022593
12.INTNODE2406  9.108538e-01 8.390953e-02 0.0052366391
13.INTNODE2406  5.035576e-01 4.955637e-01 0.0008787116
71.INTNODE2406  7.813092e-01 2.163758e-01 0.0023149841
142.INTNODE2406 7.770145e-03 1.027140e-13 0.9922298552
202.INTNODE2406 6.287389e-01 7.361526e-08 0.3712609795
205.INTNODE2406 3.437968e-01 2.299325e-06 0.6562009503
206.INTNODE2406 7.529746e-01 6.053911e-05 0.2469648533
209.INTNODE2406 8.931652e-01 1.029324e-01 0.0039023810
210.INTNODE2406 9.542812e-01 3.849381e-02 0.0072249561
418.INTNODE2406 9.809839e-01 5.174848e-04 0.0184985861
293.INTNODE2415 9.637207e-01 2.170573e-02 0.0145736188
138.INTNODE2416 9.804864e-01 1.059722e-03 0.0184538704
240.INTNODE2421 9.880993e-01 9.513821e-03 0.0023869217
238.INTNODE2422 1.490957e-06 9.498369e-31 0.9999985090
269.INTNODE2423 8.953919e-01 9.582742e-02 0.0087806477
311.INTNODE2423 6.912915e-01 3.068380e-01 0.0018704968
73.INTNODE2425  9.906554e-01 6.819092e-03 0.0025255203
151.INTNODE2425 9.848530e-01 6.944437e-06 0.0151400854
207.INTNODE2425 8.474143e-01 1.516261e-02 0.1374230528
145.INTNODE2426 9.819016e-01 6.034219e-03 0.0120641977
178.INTNODE2426 9.306366e-01 3.738172e-03 0.0656252520
88.INTNODE2428  7.331522e-01 2.315963e-04 0.2666162224
111.INTNODE2428 6.357234e-01 3.715900e-04 0.3639050214
155.INTNODE2428 7.364690e-01 2.905757e-03 0.2606252016
470.INTNODE2428 7.565635e-01 2.409129e-01 0.0025236206
4.INTNODE2429   8.296824e-01 1.692918e-01 0.0010257750
13.INTNODE2429  6.727810e-01 2.944111e-04 0.3269246365
90.INTNODE2429  9.851059e-01 8.526676e-03 0.0063674227
113.INTNODE2429 9.008968e-01 3.695834e-03 0.0954073188
145.INTNODE2429 6.640724e-01 6.056099e-04 0.3353219845
171.INTNODE2429 9.858126e-01 1.180594e-04 0.0140693794
179.INTNODE2429 9.722810e-01 1.300218e-03 0.0264187340
184.INTNODE2429 9.906065e-01 1.085254e-03 0.0083082897
186.INTNODE2429 9.535782e-01 1.598477e-02 0.0304370460
202.INTNODE2429 5.218584e-01 7.297760e-05 0.4780686177
205.INTNODE2429 6.118757e-01 2.335626e-04 0.3878907861
289.INTNODE2429 8.240006e-01 1.469703e-02 0.1613023267
415.INTNODE2429 9.503538e-01 4.572777e-02 0.0039183881
113.INTNODE2433 6.126225e-01 7.499481e-05 0.3873025466
292.INTNODE2433 5.862473e-01 4.130150e-01 0.0007376632
78.INTNODE2434  8.617253e-01 1.359792e-01 0.0022955205
85.INTNODE2434  7.791656e-01 2.170040e-01 0.0038303214
169.INTNODE2434 1.764351e-01 3.920925e-05 0.8235256966
176.INTNODE2434 1.093229e-03 1.612569e-10 0.9989067709
201.INTNODE2434 9.501537e-01 1.796115e-02 0.0318851244
238.INTNODE2434 5.880569e-01 3.339572e-04 0.4116091117
488.INTNODE2434 9.656483e-01 1.488929e-02 0.0194624492
60.INTNODE2435  8.390623e-01 9.297699e-03 0.1516400279
171.INTNODE2435 6.630088e-01 2.534077e-04 0.3367378381
202.INTNODE2435 6.996855e-01 1.837998e-03 0.2984764891
206.INTNODE2435 7.424572e-01 1.936250e-03 0.2556065124
232.INTNODE2435 7.877552e-01 1.186846e-02 0.2003763694
261.INTNODE2435 9.387874e-01 4.636526e-02 0.0148473654
[1] 0.74586587 0.05252441 0.20160972
[1] "weights"
[1] 0.74586587 0.05252441 0.20160972
[1] "weights"
[1] 0.74586587 0.05252441 0.20160972
[1] "weights"
[1] 0.74586587 0.05252441 0.20160972
[1] "model lnL"
[1] -2779.235
[1] "------------Step 3"
[1] "Running in group mode"
[1] "expon_lambda root  0.00186665090361314"
[1] "staring with p = " "0.2"              
[1] "precision_p  1.27897692436818e-11"
          p_root lambda_weib_root 
     0.668076843      0.001309242 
[1] "Running in group mode"
[1] "expon_lambda root  0.00107215480992031"
[1] "staring with p = " "0.2"              
[1] "precision_p  6.48370246381091e-12"
          p_root lambda_weib_root 
     1.501455576      0.001675907 
[1] "Running in group mode"
[1] "expon_lambda root  0.00832337455694089"
[1] "staring with p = " "0.2"              
[1] "precision_p  7.64543983677868e-12"
